0         50000000         -10.00
1         100000000         -20.00
2         150000000         -30.00
3         200000000         -40.00
4         250000000         -50.00
5         300000000         -60.00
6         350000000         -70.00
7         400000000         -80.00
8         450000000         -90.00
9         500000000         -100.00
10         550000000         -110.00
11         600000000         -120.00
12         650000000         -130.00
13         700000000         -140.00
14         750000000         -150.00
15         800000000         -160.00
16         850000000         -170.00
17         900000000         -180.00
18         950000000         -190.00
19         1000000000         -200.00
20         1050000000         -210.00
21         1100000000         -220.00
22         1150000000         -230.00
23         1200000000         -240.00
24         1250000000         -250.00
25         1300000000         -260.00
26         1366250000         -270.00
27         1416250000         -280.00
28         1466250000         -290.00
29         1516250000         -300.00
30         1566250000         -310.00
31         1616250000         -320.00
32         1666250000         -330.00
33         1716250000         -340.00
34         1766250000         -350.00
35         1816250000         -360.00
36         1866250000         -370.00
37         1916250000         -380.00
38         1966250000         -390.00
39         2016250000         -400.00
40         2066250000         -410.00
41         2116250000         -420.00
42         2166250000         -430.00
43         2216250000         -440.00
44         2266250000         -450.00
45         2316250000         -460.00
46         2366250000         -470.00
47         2416250000         -480.00
48         2466250000         -490.00
49         2516250000         -500.00
50         2600000000         -510.00
51         2650000000         -520.00
52         2700000000         -530.00
53         2750000000         -540.00
54         2800000000         -550.00
55         2850000000         -560.00
56         2900000000         -570.00
57         2950000000         -580.00
58         3000000000         -590.00
59         3050000000         -600.00
60         3100000000         -610.00
61         3150000000         -620.00
62         3200000000         -630.00
63         3250000000         -640.00
64         3300000000         -650.00
65         3350000000         -660.00
66         3400000000         -670.00
67         3450000000         -680.00
68         3500000000         -690.00
69         3550000000         -700.00
70         3600000000         -710.00
71         3650000000         -720.00
72         3700000000         -730.00
73         3750000000         -740.00
74         3800000000         -750.00
75         3850000000         -760.00
76         3900000000         -770.00
77         3950000000         -780.00
78         4000000000         -790.00
79         4050000000         -800.00
80         4100000000         -810.00
81         4150000000         -820.00
82         4200000000         -830.00
83         4250000000         -840.00
84         4300000000         -850.00
85         4350000000         -860.00
86         4400000000         -870.00
87         4450000000         -880.00
88         4500000000         -890.00
89         4550000000         -900.00
90         4600000000         -910.00
91         4650000000         -920.00
92         4700000000         -930.00
93         4750000000         -940.00
94         4800000000         -950.00
95         4850000000         -960.00
96         4900000000         -970.00
97         4950000000         -980.00
98         5000000000         -990.00
99         5050000000         -1000.00
100         5100000000         -1010.00
101         5150000000         -1020.00
102         5200000000         -1030.00
103         5250000000         -1040.00
104         5300000000         -1050.00
105         5350000000         -1060.00
106         5400000000         -1070.00
107         5450000000         -1080.00
108         5500000000         -1090.00
109         5550000000         -1100.00
110         5600000000         -1110.00
111         5650000000         -1120.00
112         5700000000         -1130.00
113         5750000000         -1140.00
114         5800000000         -1150.00
115         5850000000         -1160.00
116         5900000000         -1170.00
117         5950000000         -1180.00
118         6000000000         -1190.00
119         6050000000         -1200.00
120         6100000000         -1210.00
121         6150000000         -1220.00
122         6200000000         -1230.00
123         6250000000         -1240.00
124         6300000000         -1250.00
125         6350000000         -1260.00
126         6400000000         -1270.00
127         6450000000         -1280.00
128         6500000000         -1290.00
129         6550000000         -1300.00
130         6600000000         -1310.00
131         6650000000         -1320.00
132         6700000000         -1330.00
133         6750000000         -1340.00
134         6800000000         -1350.00
135         6850000000         -1360.00
136         6900000000         -1370.00
137         6950000000         -1380.00
138         7000000000         -1390.00
139         7050000000         -1400.00
140         7100000000         -1410.00
141         7150000000         -1420.00
142         7200000000         -1430.00
143         7250000000         -1440.00
144         7300000000         -1450.00
145         7350000000         -1460.00
146         7400000000         -1470.00
147         7450000000         -1480.00
148         7500000000         -1490.00
149         7550000000         -1500.00
150         7600000000         -1510.00
151         7650000000         -1520.00
152         7700000000         -1530.00
153         7750000000         -1540.00
154         7800000000         -1550.00
155         7850000000         -1560.00
156         7900000000         -1570.00
157         7950000000         -1580.00
158         8000000000         -1590.00
159         8050000000         -1600.00
160         8100000000         -1610.00
161         8150000000         -1620.00
162         8200000000         -1630.00
163         8250000000         -1640.00
164         8300000000         -1650.00
165         8350000000         -1660.00
166         8400000000         -1670.00
167         8450000000         -1680.00
168         8500000000         -1690.00
169         8550000000         -1700.00
170         8600000000         -1710.00
171         8650000000         -1720.00
172         8700000000         -1730.00
173         8750000000         -1740.00
174         8800000000         -1750.00
175         8850000000         -1760.00
176         8900000000         -1770.00
177         8950000000         -1780.00
178         9000000000         -1790.00
179         9050000000         -1800.00
180         9100000000         -1810.00
181         9150000000         -1820.00
182         9200000000         -1830.00
183         9250000000         -1840.00
184         9300000000         -1850.00
185         9350000000         -1860.00
186         9400000000         -1870.00
187         9450000000         -1880.00
188         9500000000         -1890.00
189         9550000000         -1900.00
190         9600000000         -1910.00
191         9650000000         -1920.00
192         9700000000         -1930.00
193         9750000000         -1940.00
194         9800000000         -1950.00
195         9850000000         -1960.00
196         9900000000         -1970.00
197         9950000000         -1980.00
198         10000000000         -1990.00
199         10050000000         -2000.00
200         10100000000         -2010.00
201         10150000000         -2020.00
202         10200000000         -2030.00
203         10250000000         -2040.00
204         10300000000         -2050.00
205         10350000000         -2060.00
206         10400000000         -2070.00
207         10450000000         -2080.00
208         10500000000         -2090.00
209         10550000000         -2100.00
210         10600000000         -2110.00
211         10650000000         -2120.00
212         10700000000         -2130.00
213         10750000000         -2140.00
214         10800000000         -2150.00
215         10850000000         -2160.00
216         10900000000         -2170.00
217         10950000000         -2180.00
218         11000000000         -2190.00
219         11050000000         -2200.00
220         11100000000         -2210.00
221         11150000000         -2220.00
222         11200000000         -2230.00
223         11250000000         -2240.00
224         11300000000         -2250.00
225         11350000000         -2260.00
226         11400000000         -2270.00
227         11450000000         -2280.00
228         11500000000         -2290.00
229         11550000000         -2300.00
230         11600000000         -2310.00
231         11650000000         -2320.00
232         11700000000         -2330.00
233         11750000000         -2340.00
234         11800000000         -2350.00
235         11850000000         -2360.00
236         11900000000         -2370.00
237         11950000000         -2380.00
238         12000000000         -2390.00
239         12050000000         -2400.00
240         12100000000         -2410.00
241         12150000000         -2420.00
242         12200000000         -2430.00
243         12250000000         -2440.00
244         12300000000         -2450.00
245         12350000000         -2460.00
246         12400000000         -2470.00
247         12450000000         -2480.00
248         12500000000         -2490.00
249         12550000000         -2500.00
250         12600000000         -2510.00
251         12650000000         -2520.00
252         12700000000         -2530.00
253         12750000000         -2540.00
254         12800000000         -2550.00
255         12850000000         -2560.00
256         12900000000         -2570.00
257         12950000000         -2580.00
258         13000000000         -2590.00
259         13050000000         -2600.00
260         13100000000         -2610.00
261         13150000000         -2620.00
262         13200000000         -2630.00
263         13250000000         -2640.00
264         13300000000         -2650.00
265         13350000000         -2660.00
266         13400000000         -2670.00
267         13450000000         -2680.00
268         13500000000         -2690.00
269         13550000000         -2700.00
270         13600000000         -2710.00
271         13650000000         -2720.00
272         13700000000         -2730.00
273         13750000000         -2740.00
274         13800000000         -2750.00
275         13850000000         -2760.00
276         13900000000         -2770.00
277         13950000000         -2780.00
278         14000000000         -2790.00
279         14050000000         -2800.00
280         14100000000         -2810.00
281         14150000000         -2820.00
282         14200000000         -2830.00
283         14250000000         -2840.00
284         14300000000         -2850.00
285         14350000000         -2860.00
286         14400000000         -2870.00
287         14450000000         -2880.00
288         14500000000         -2890.00
289         14550000000         -2900.00
290         14600000000         -2910.00
291         14650000000         -2920.00
292         14700000000         -2930.00
293         14750000000         -2940.00
294         14800000000         -2950.00
295         14850000000         -2960.00
296         14900000000         -2970.00
297         14950000000         -2980.00
298         15000000000         -2990.00
299         15050000000         -3000.00
300         15100000000         -3010.00
301         15150000000         -3020.00
302         15200000000         -3030.00
303         15250000000         -3040.00
304         15300000000         -3050.00
305         15350000000         -3060.00
306         15400000000         -3070.00
307         15450000000         -3080.00
308         15500000000         -3090.00
309         15550000000         -3100.00
310         15600000000         -3110.00
311         15650000000         -3120.00
312         15700000000         -3130.00
313         15750000000         -3140.00
314         15800000000         -3150.00
315         15850000000         -3160.00
316         15900000000         -3170.00
317         15950000000         -3180.00
318         16000000000         -3190.00
319         16050000000         -3200.00
320         16100000000         -3210.00
321         16150000000         -3220.00
322         16200000000         -3230.00
323         16250000000         -3240.00
324         16300000000         -3250.00
325         16350000000         -3260.00
326         16400000000         -3270.00
327         16450000000         -3280.00
328         16500000000         -3290.00
329         16550000000         -3300.00
330         16600000000         -3310.00
331         16650000000         -3320.00
332         16700000000         -3330.00
333         16750000000         -3340.00
334         16800000000         -3350.00
335         16850000000         -3360.00
336         16900000000         -3370.00
337         16950000000         -3380.00
338         17000000000         -3390.00
339         17050000000         -3400.00
340         17100000000         -3410.00
341         17150000000         -3420.00
342         17200000000         -3430.00
343         17250000000         -3440.00
344         17300000000         -3450.00
345         17350000000         -3460.00
346         17400000000         -3470.00
347         17450000000         -3480.00
348         17500000000         -3490.00
349         17550000000         -3500.00
350         17600000000         -3510.00
351         17650000000         -3520.00
352         17700000000         -3530.00
353         17750000000         -3540.00
354         17800000000         -3550.00
355         17850000000         -3560.00
356         17900000000         -3570.00
357         17950000000         -3580.00
358         18000000000         -3590.00
359         18050000000         -3600.00
360         18100000000         -3610.00
361         18150000000         -3620.00
362         18200000000         -3630.00
363         18250000000         -3640.00
364         18300000000         -3650.00
365         18350000000         -3660.00
366         18400000000         -3670.00
367         18450000000         -3680.00
368         18500000000         -3690.00
369         18550000000         -3700.00
370         18600000000         -3710.00
371         18650000000         -3720.00
372         18700000000         -3730.00
373         18750000000         -3740.00
374         18800000000         -3750.00
375         18850000000         -3760.00
376         18900000000         -3770.00
377         18950000000         -3780.00
378         19000000000         -3790.00
379         19050000000         -3800.00
380         19100000000         -3810.00
381         19150000000         -3820.00
382         19200000000         -3830.00
383         19250000000         -3840.00
384         19300000000         -3850.00
385         19350000000         -3860.00
386         19400000000         -3870.00
387         19450000000         -3880.00
388         19500000000         -3890.00
389         19550000000         -3900.00
390         19600000000         -3910.00
391         19650000000         -3920.00
392         19700000000         -3930.00
393         19750000000         -3940.00
394         19800000000         -3950.00
395         19850000000         -3960.00
396         19900000000         -3970.00
397         19950000000         -3980.00
398         20000000000         -3990.00
399         20050000000         -4000.00
400         20100000000         -4010.00
401         20150000000         -4020.00
402         20200000000         -4030.00
403         20250000000         -4040.00
404         20300000000         -4050.00
405         20350000000         -4060.00
406         20400000000         -4070.00
407         20450000000         -4080.00
408         20500000000         -4090.00
409         20550000000         -4100.00
410         20600000000         -4110.00
411         20650000000         -4120.00
412         20700000000         -4130.00
413         20750000000         -4140.00
414         20800000000         -4150.00
415         20850000000         -4160.00
416         20900000000         -4170.00
417         20950000000         -4180.00
418         21000000000         -4190.00
419         21050000000         -4200.00
420         21100000000         -4210.00
421         21150000000         -4220.00
422         21200000000         -4230.00
423         21250000000         -4240.00
424         21300000000         -4250.00
425         21350000000         -4260.00
426         21400000000         -4270.00
427         21450000000         -4280.00
428         21500000000         -4290.00
429         21550000000         -4300.00
430         21600000000         -4310.00
431         21650000000         -4320.00
432         21700000000         -4330.00
433         21750000000         -4340.00
434         21800000000         -4350.00
435         21850000000         -4360.00
436         21900000000         -4370.00
437         21950000000         -4380.00
438         22000000000         -4390.00
439         22050000000         -4400.00
440         22100000000         -4410.00
441         22150000000         -4420.00
442         22200000000         -4430.00
443         22250000000         -4440.00
444         22300000000         -4450.00
445         22350000000         -4460.00
446         22400000000         -4470.00
447         22450000000         -4480.00
448         22500000000         -4490.00
449         22550000000         -4500.00
450         22600000000         -4510.00
451         22650000000         -4520.00
452         22700000000         -4530.00
453         22750000000         -4540.00
454         22800000000         -4550.00
455         22850000000         -4560.00
456         22900000000         -4570.00
457         22950000000         -4580.00
458         23000000000         -4590.00
459         23050000000         -4600.00
460         23100000000         -4610.00
461         23150000000         -4620.00
462         23200000000         -4630.00
463         23250000000         -4640.00
464         23300000000         -4650.00
465         23350000000         -4660.00
466         23400000000         -4670.00
467         23450000000         -4680.00
468         23500000000         -4690.00
469         23550000000         -4700.00
470         23633750000         -4710.00
471         23683750000         -4720.00
472         23733750000         -4730.00
473         23783750000         -4740.00
474         23833750000         -4750.00
475         23883750000         -4760.00
476         23933750000         -4770.00
477         23983750000         -4780.00
478         24033750000         -4790.00
479         24083750000         -4800.00
480         24133750000         -4810.00
481         24183750000         -4820.00
482         24233750000         -4830.00
483         24283750000         -4840.00
484         24333750000         -4850.00
485         24383750000         -4860.00
486         24433750000         -4870.00
487         24483750000         -4880.00
488         24533750000         -4890.00
489         24583750000         -4900.00
490         24633750000         -4910.00
491         24683750000         -4920.00
492         24733750000         -4930.00
493         24783750000         -4940.00
494         24833750000         -4950.00
495         24883750000         -4960.00
496         24933750000         -4970.00
497         24983750000         -4980.00
498         25033750000         -4990.00
499         25083750000         -5000.00
500         25133750000         -5010.00
501         25183750000         -5020.00
502         25233750000         -5030.00
503         25283750000         -5040.00
504         25333750000         -5050.00
505         25383750000         -5060.00
506         25433750000         -5070.00
507         25483750000         -5080.00
508         25533750000         -5090.00
509         25583750000         -5100.00
510         25633750000         -5110.00
511         25683750000         -5120.00
512         25733750000         -5130.00
513         25783750000         -5140.00
514         25833750000         -5150.00
515         25883750000         -5160.00
516         25933750000         -5170.00
517         25983750000         -5180.00
518         26033750000         -5190.00
519         26083750000         -5200.00
520         26133750000         -5210.00
521         26183750000         -5220.00
522         26233750000         -5230.00
523         26283750000         -5240.00
524         26333750000         -5250.00
525         26383750000         -5260.00
526         26433750000         -5270.00
527         26500000000         -5280.00
528         26550000000         -5290.00
529         26600000000         -5300.00
530         26650000000         -5310.00
531         26700000000         -5320.00
532         26750000000         -5330.00
533         26800000000         -5340.00
534         26850000000         -5350.00
535         26900000000         -5360.00
536         26950000000         -5370.00
537         27000000000         -5380.00
538         27050000000         -5390.00
