No. freqHz  powerdB
0    50000000.0    9.87
1    100000000.0    9.87
2    150000000.0    9.87
3    200000000.0    9.87
4    250000000.0    9.92
5    300000000.0    9.92
6    350000000.0    9.92
7    400000000.0    9.95
8    450000000.0    9.95
9    500000000.0    9.95
10    550000000.0    9.95
11    600000000.0    9.98
12    650000000.0    9.98
13    700000000.0    9.98
14    750000000.0    10.02
15    800000000.0    10.02
16    850000000.0    10.02
17    900000000.0    10.02
18    950000000.0    10.02
19    1000000000.0    10.02
20    1050000000.0    10.05
21    1100000000.0    10.05
22    1150000000.0    10.05
23    1200000000.0    10.05
24    1250000000.0    10.16
25    1300000000.0    10.07
26    1350000000.0    10.07
27    1366250000.0    10.07
28    1366250000.1    10.07
29    1416250000.0    10.07
30    1466250000.0    10.07
31    1516250000.0    10.07
32    1566250000.0    10.02
33    1616250000.0    10.02
34    1666250000.0    9.99
35    1716250000.0    9.99
36    1766250000.0    9.99
37    1816250000.0    10.06
38    1866250000.0    10.06
39    1916250000.0    10.06
40    1966250000.0    10.06
41    2016250000.0    10.21
42    2066250000.0    10.21
43    2116250000.0    10.21
44    2166250000.0    10.21
45    2216250000.0    10.21
46    2266250000.0    10.21
47    2316250000.0    10.21
48    2366250000.0    10.25
49    2416250000.0    10.25
50    2466250000.0    10.25
51    2516250000.0    10.25
52    2566250000.0    10.25
53    2600000000.0    10.25
54    2600000000.1    10.25
55    2650000000.0    10.21
56    2700000000.0    10.21
57    2750000000.0    10.25
58    2800000000.0    10.25
59    2850000000.0    10.25
60    2900000000.0    10.25
61    2950000000.0    10.25
62    3000000000.0    10.25
63    3050000000.0    10.25
64    3100000000.0    10.25
65    3150000000.0    10.25
66    3200000000.0    10.25
67    3250000000.0    10.38
68    3300000000.0    10.38
69    3350000000.0    10.38
70    3400000000.0    10.38
71    3450000000.0    10.38
72    3500000000.0    10.38
73    3550000000.0    10.38
74    3600000000.0    10.38
75    3650000000.0    10.38
76    3700000000.0    10.43
77    3750000000.0    10.43
78    3800000000.0    10.43
79    3850000000.0    10.43
80    3900000000.0    10.43
81    3950000000.0    10.43
82    4000000000.0    10.43
83    4133750000.0    10.43
84    4133750000.1    10.43
85    4183750000.0    10.43
86    4233750000.0    10.43
87    4283750000.0    10.43
88    4333750000.0    10.47
89    4383750000.0    10.47
90    4433750000.0    10.47
91    4483750000.0    10.47
92    4533750000.0    10.47
93    4583750000.0    10.47
94    4633750000.0    10.47
95    4683750000.0    10.47
96    4733750000.0    10.47
97    4783750000.0    10.47
98    4833750000.0    10.47
99    4883750000.0    10.47
100    4933750000.0    10.47
101    4983750000.0    10.47
102    5033750000.0    10.52
103    5083750000.0    10.52
104    5133750000.0    10.52
105    5183750000.0    10.47
106    5233750000.0    10.51
107    5283750000.0    10.51
108    5333750000.0    10.51
109    5383750000.0    10.51
110    5433750000.0    10.54
111    5483750000.0    10.54
112    5533750000.0    10.54
113    5583750000.0    10.54
114    5633750000.0    10.54
115    5683750000.0    10.54
116    5733750000.0    10.54
117    5783750000.0    10.54
118    5833750000.0    10.54
119    5883750000.0    10.54
120    5933750000.0    10.54
121    5983750000.0    10.54
122    6033750000.0    10.54
123    6083750000.0    10.54
124    6133750000.0    10.54
125    6183750000.0    10.58
126    6233750000.0    10.58
127    6283750000.0    10.58
128    6333750000.0    10.58
129    6383750000.0    10.58
130    6433750000.0    10.58
131    6483750000.0    10.58
132    6533750000.0    10.58
133    6583750000.0    10.58
134    6633750000.0    10.58
135    6683750000.0    10.58
136    6733750000.0    10.55
137    6783750000.0    10.55
138    6833750000.0    10.55
139    6883750000.0    10.58
140    6933750000.0    10.58
141    6983750000.0    10.58
142    7033750000.0    10.58
143    7083750000.0    10.58
144    7133750000.0    10.58
145    7183750000.0    10.58
146    7233750000.0    10.58
147    7283750000.0    10.58
148    7333750000.0    10.58
149    7383750000.0    10.58
150    7433750000.0    10.58
151    7483750000.0    10.58
152    7500000000.0    10.58
153    7500000000.1    10.58
154    7550000000.0    10.61
155    7600000000.0    10.61
156    7650000000.0    10.61
157    7700000000.0    10.61
158    7750000000.0    10.57
159    7800000000.0    10.57
160    7850000000.0    10.62
161    7900000000.0    10.67
162    7950000000.0    10.67
163    8000000000.0    10.62
164    8050000000.0    10.62
165    8100000000.0    10.62
166    8150000000.0    10.62
167    8200000000.0    10.62
168    8250000000.0    10.62
169    8300000000.0    10.62
170    8350000000.0    10.62
171    8400000000.0    10.62
172    8450000000.0    10.62
173    8500000000.0    10.62
174    8550000000.0    10.62
175    8600000000.0    10.62
176    8650000000.0    10.62
177    8700000000.0    10.62
178    8750000000.0    10.62
179    8800000000.0    10.62
180    8850000000.0    10.65
181    8900000000.0    10.62
182    8950000000.0    10.62
183    9000000000.0    10.62
184    9050000000.0    10.67
185    9100000000.0    10.64
186    9150000000.0    10.57
187    9200000000.0    10.57
188    9250000000.0    10.63
189    9300000000.0    10.63
190    9350000000.0    10.63
191    9400000000.0    10.63
192    9450000000.0    10.63
193    9500000000.0    10.59
194    9500000000.1    10.59
195    9550000000.0    10.59
196    9600000000.0    10.63
197    9650000000.0    10.69
198    9700000000.0    10.69
199    9750000000.0    10.66
200    9800000000.0    10.66
201    9850000000.0    10.66
202    9900000000.0    10.66
203    9950000000.0    10.66
204    10000000000.0    10.66
205    10050000000.0    10.66
206    10100000000.0    10.66
207    10150000000.0    10.66
208    10200000000.0    10.66
209    10250000000.0    10.66
210    10300000000.0    10.62
211    10350000000.0    10.66
212    10400000000.0    10.66
213    10450000000.0    10.66
214    10500000000.0    10.66
215    10550000000.0    10.70
216    10600000000.0    10.70
217    10650000000.0    10.64
218    10700000000.0    10.64
219    10750000000.0    10.69
220    10800000000.0    10.69
221    10850000000.0    10.69
222    10900000000.0    10.66
223    10950000000.0    10.66
224    11000000000.0    10.66
225    11050000000.0    10.66
226    11100000000.0    10.73
227    11150000000.0    10.73
228    11200000000.0    10.73
229    11250000000.0    10.68
230    11300000000.0    10.71
231    11350000000.0    10.71
232    11400000000.0    10.66
233    11450000000.0    10.66
234    11500000000.0    10.72
235    11500000000.1    10.72
236    11550000000.0    10.72
237    11600000000.0    10.67
238    11650000000.0    10.67
239    11700000000.0    10.72
240    11750000000.0    10.72
241    11800000000.0    10.65
242    11850000000.0    10.65
243    11900000000.0    10.73
244    11950000000.0    10.73
245    12000000000.0    10.69
246    12050000000.0    10.69
247    12100000000.0    10.69
248    12150000000.0    10.69
249    12200000000.0    10.69
250    12250000000.0    10.69
251    12300000000.0    10.69
252    12350000000.0    10.69
253    12400000000.0    10.69
254    12450000000.0    10.69
255    12500000000.0    10.69
256    12550000000.0    10.69
257    12600000000.0    10.69
258    12650000000.0    10.69
259    12700000000.0    10.63
260    12750000000.0    10.63
261    12800000000.0    10.63
262    12850000000.0    10.73
263    12900000000.0    10.70
264    12950000000.0    10.62
265    13000000000.0    10.67
266    13050000000.0    10.72
267    13100000000.0    10.68
268    13150000000.0    10.63
269    13200000000.0    10.67
270    13250000000.0    10.67
271    13300000000.0    10.67
272    13350000000.0    10.67
273    13400000000.0    10.74
274    13450000000.0    10.79
275    13500000000.0    10.76
276    13500000000.1    10.76
277    13550000000.0    10.72
278    13600000000.0    10.72
279    13650000000.0    10.72
280    13700000000.0    10.72
281    13750000000.0    10.72
282    13800000000.0    10.72
283    13850000000.0    10.72
284    13900000000.0    10.72
285    13950000000.0    10.72
286    14000000000.0    10.76
287    14050000000.0    10.76
288    14100000000.0    10.72
289    14150000000.0    10.76
290    14200000000.0    10.76
291    14250000000.0    10.76
292    14300000000.0    10.76
293    14350000000.0    10.82
294    14400000000.0    10.82
295    14450000000.0    10.77
296    14500000000.0    10.77
297    14550000000.0    10.77
298    14600000000.0    10.77
299    14650000000.0    10.77
300    14700000000.0    10.77
301    14750000000.0    10.80
302    14800000000.0    10.80
303    14850000000.0    10.84
304    14900000000.0    10.84
305    14950000000.0    10.84
306    15000000000.0    10.84
307    15050000000.0    10.84
308    15100000000.0    10.84
309    15150000000.0    10.84
310    15200000000.0    10.79
311    15250000000.0    10.90
312    15300000000.0    10.95
313    15350000000.0    10.92
314    15400000000.0    10.87
315    15450000000.0    10.87
316    15500000000.0    10.91
317    15500000000.1    10.91
318    15550000000.0    10.91
319    15600000000.0    10.91
320    15650000000.0    10.99
321    15700000000.0    10.99
322    15750000000.0    10.95
323    15800000000.0    10.91
324    15850000000.0    10.91
325    15900000000.0    10.98
326    15950000000.0    10.98
327    16000000000.0    10.98
328    16050000000.0    10.98
329    16100000000.0    10.98
330    16150000000.0    10.98
331    16200000000.0    10.98
332    16250000000.0    10.98
333    16300000000.0    10.98
334    16300000000.1    10.98
335    16350000000.0    10.98
336    16400000000.0    11.01
337    16450000000.0    11.01
338    16500000000.0    10.94
339    16550000000.0    10.94
340    16600000000.0    10.97
341    16650000000.0    11.01
342    16700000000.0    11.01
343    16750000000.0    10.95
344    16800000000.0    10.95
345    16850000000.0    10.95
346    16900000000.0    10.95
347    16950000000.0    10.95
348    17000000000.0    10.95
349    17050000000.0    10.95
350    17100000000.0    10.95
351    17150000000.0    10.95
352    17200000000.0    10.95
353    17250000000.0    10.95
354    17300000000.0    10.95
355    17350000000.0    10.95
356    17400000000.0    10.95
357    17450000000.0    11.00
358    17500000000.0    11.03
359    17500000000.1    11.03
360    17550000000.0    11.03
361    17600000000.0    11.03
362    17650000000.0    10.99
363    17700000000.0    11.03
364    17750000000.0    11.03
365    17800000000.0    11.03
366    17850000000.0    11.03
367    17900000000.0    11.07
368    17950000000.0    11.07
369    18000000000.0    11.03
370    18050000000.0    11.06
371    18100000000.0    11.10
372    18150000000.0    11.14
373    18200000000.0    11.14
374    18250000000.0    11.05
375    18300000000.0    11.08
376    18350000000.0    11.08
377    18400000000.0    11.08
378    18450000000.0    11.08
379    18500000000.0    11.08
380    18550000000.0    11.08
381    18600000000.0    11.08
382    18650000000.0    11.08
383    18700000000.0    11.08
384    18750000000.0    11.08
385    18800000000.0    11.12
386    18850000000.0    11.17
387    18900000000.0    11.17
388    18950000000.0    11.09
389    19000000000.0    11.09
390    19050000000.0    11.09
391    19100000000.0    11.09
392    19150000000.0    11.09
393    19200000000.0    11.09
394    19250000000.0    11.17
395    19300000000.0    11.17
396    19350000000.0    11.08
397    19400000000.0    11.08
398    19450000000.0    11.08
399    19500000000.0    11.08
400    19550000000.0    11.08
401    19600000000.0    11.08
402    19650000000.0    11.08
403    19700000000.0    11.08
404    19750000000.0    11.08
405    19800000000.0    11.08
406    19850000000.0    11.08
407    19900000000.0    11.08
408    19950000000.0    11.12
409    20000000000.0    11.12
410    20000000000.1    11.12
411    20050000000.0    11.07
412    20100000000.0    11.02
413    20150000000.0    11.02
414    20200000000.0    11.02
415    20250000000.0    11.10
416    20300000000.0    11.14
417    20350000000.0    11.08
418    20400000000.0    11.02
419    20450000000.0    10.97
420    20500000000.0    10.97
421    20550000000.0    11.09
422    20600000000.0    11.13
423    20650000000.0    11.08
424    20700000000.0    11.04
425    20750000000.0    11.04
426    20800000000.0    11.04
427    20850000000.0    11.04
428    20900000000.0    11.08
429    20950000000.0    11.08
430    21000000000.0    11.08
431    21050000000.0    11.08
432    21100000000.0    11.08
433    21150000000.0    11.08
434    21200000000.0    11.08
435    21250000000.0    11.04
436    21300000000.0    11.01
437    21350000000.0    10.94
438    21400000000.0    10.94
439    21450000000.0    11.01
440    21500000000.0    11.01
441    21550000000.0    11.01
442    21600000000.0    11.01
443    21650000000.0    11.04
444    21700000000.0    11.04
445    21750000000.0    11.04
446    21800000000.0    11.01
447    21850000000.0    11.14
448    21900000000.0    11.24
449    21950000000.0    11.16
450    22000000000.0    11.04
451    22050000000.0    11.04
452    22100000000.0    11.12
453    22150000000.0    11.17
454    22200000000.0    11.17
455    22250000000.0    11.17
456    22300000000.0    11.17
457    22350000000.0    11.25
458    22400000000.0    11.36
459    22420000000.0    11.36
460    22420000000.1    11.36
461    22470000000.0    11.36
462    22520000000.0    11.20
463    22570000000.0    11.12
464    22620000000.0    11.16
465    22670000000.0    11.16
466    22720000000.0    11.13
467    22770000000.0    11.08
468    22820000000.0    11.13
469    22870000000.0    11.13
470    22920000000.0    11.07
471    22970000000.0    11.12
472    23020000000.0    11.27
473    23070000000.0    11.31
474    23120000000.0    11.18
475    23170000000.0    11.06
476    23220000000.0    11.10
477    23270000000.0    11.20
478    23320000000.0    11.20
479    23370000000.0    11.05
480    23420000000.0    10.99
481    23470000000.0    11.04
482    23520000000.0    11.13
483    23570000000.0    11.13
484    23620000000.0    11.08
485    23670000000.0    11.08
486    23720000000.0    11.12
487    23770000000.0    11.12
488    23820000000.0    11.12
489    23870000000.0    11.15
490    23920000000.0    11.24
491    23970000000.0    11.24
492    24020000000.0    11.18
493    24070000000.0    11.07
494    24120000000.0    11.07
495    24170000000.0    11.12
496    24220000000.0    11.12
497    24270000000.0    11.12
498    24320000000.0    11.19
499    24370000000.0    11.25
500    24420000000.0    11.25
501    24470000000.0    11.18
502    24520000000.0    11.07
503    24570000000.0    11.07
504    24620000000.0    11.07
505    24670000000.0    11.15
506    24720000000.0    11.18
507    24770000000.0    11.18
508    24820000000.0    11.18
509    24870000000.0    11.23
510    24920000000.0    11.23
511    24970000000.0    11.23
512    25020000000.0    11.26
513    25070000000.0    11.26
514    25120000000.0    11.26
515    25170000000.0    11.15
516    25220000000.0    11.12
517    25270000000.0    11.21
518    25320000000.0    11.28
519    25370000000.0    11.28
520    25420000000.0    11.22
521    25470000000.0    11.22
522    25520000000.0    11.25
523    25550000000.0    11.25
524    25550000000.1    11.25
525    25600000000.0    11.25
526    25650000000.0    11.17
527    25700000000.0    11.23
528    25750000000.0    11.28
529    25800000000.0    11.28
530    25850000000.0    11.16
531    25900000000.0    11.09
532    25950000000.0    11.13
533    26000000000.0    11.19
534    26050000000.0    11.15
535    26100000000.0    11.15
536    26150000000.0    11.19
537    26200000000.0    11.19
538    26250000000.0    11.15
539    26300000000.0    11.15
540    26350000000.0    11.15
541    26400000000.0    11.20
542    26450000000.0    11.20
543    26500000000.0    11.16
544    26550000000.0    11.21
545    26600000000.0    11.27
546    26650000000.0    11.27
547    26700000000.0    11.21
548    26750000000.0    11.21
549    26800000000.0    11.25
550    26850000000.0    11.25
551    26900000000.0    11.19
552    26950000000.0    11.19
553    27000000000.0    11.16
554    27050000000.0    11.16
555    27100000000.0    11.23
556    27150000000.0    11.31
557    27200000000.0    11.31
558    27250000000.0    11.31
559    27300000000.0    11.31
560    27350000000.0    11.31
561    27400000000.0    11.18
562    27450000000.0    11.10
563    27500000000.0    11.10
564    27550000000.0    11.10
565    27600000000.0    11.16
566    27650000000.0    11.16
567    27700000000.0    11.16
568    27750000000.0    11.16
569    27800000000.0    11.16
570    27850000000.0    11.16
571    27900000000.0    11.16
572    27950000000.0    11.22
573    28000000000.0    11.27
574    28050000000.0    11.27
575    28100000000.0    11.22
576    28150000000.0    11.22
577    28200000000.0    11.22
578    28250000000.0    11.22
579    28300000000.0    11.22
580    28350000000.0    11.22
581    28400000000.0    11.26
582    28450000000.0    11.19
583    28500000000.0    11.01
584    28550000000.0    11.01
585    28600000000.0    11.11
586    28650000000.0    11.17
587    28700000000.0    11.17
588    28700000000.1    11.17
589    28750000000.0    11.11
590    28800000000.0    11.18
591    28850000000.0    11.27
592    28900000000.0    11.21
593    28950000000.0    11.16
594    29000000000.0    11.27
595    29050000000.0    11.33
596    29100000000.0    11.26
597    29150000000.0    11.18
598    29200000000.0    11.18
599    29250000000.0    11.21
600    29300000000.0    11.21
601    29350000000.0    11.21
602    29400000000.0    11.21
603    29450000000.0    11.21
604    29500000000.0    11.26
605    29550000000.0    11.31
606    29600000000.0    11.31
607    29650000000.0    11.25
608    29700000000.0    11.20
609    29750000000.0    11.26
610    29800000000.0    11.37
611    29850000000.0    11.37
612    29900000000.0    11.37
613    29950000000.0    11.37
614    30000000000.0    11.37
615    30050000000.0    11.23
616    30100000000.0    11.16
617    30150000000.0    11.21
618    30200000000.0    11.25
619    30250000000.0    11.25
620    30300000000.0    11.25
621    30350000000.0    11.19
622    30400000000.0    11.16
623    30450000000.0    11.16
624    30500000000.0    11.24
625    30550000000.0    11.24
626    30600000000.0    11.19
627    30650000000.0    11.19
628    30700000000.0    11.27
629    30750000000.0    11.27
630    30800000000.0    11.18
631    30850000000.0    11.18
632    30900000000.0    11.27
633    30950000000.0    11.34
634    31000000000.0    11.29
635    31050000000.0    11.29
636    31100000000.0    11.38
637    31150000000.0    11.38
638    31200000000.0    11.35
639    31250000000.0    11.35
640    31300000000.0    11.40
641    31350000000.0    11.34
642    31400000000.0    11.21
643    31450000000.0    11.21
644    31450000000.1    11.21
645    31500000000.0    11.26
646    31550000000.0    11.26
647    31600000000.0    11.22
648    31650000000.0    11.22
649    31700000000.0    11.28
650    31750000000.0    11.28
651    31800000000.0    11.28
652    31850000000.0    11.23
653    31900000000.0    11.23
654    31950000000.0    11.18
655    32000000000.0    11.12
656    32050000000.0    11.12
657    32100000000.0    11.19
658    32150000000.0    11.19
659    32200000000.0    11.24
660    32250000000.0    11.24
661    32300000000.0    11.24
662    32350000000.0    11.24
663    32400000000.0    11.24
664    32450000000.0    11.27
665    32500000000.0    11.27
666    32550000000.0    11.31
667    32600000000.0    11.31
668    32650000000.0    11.31
669    32700000000.0    11.31
670    32750000000.0    11.35
671    32800000000.0    11.35
672    32850000000.0    11.35
673    32900000000.0    11.38
674    32950000000.0    11.38
675    33000000000.0    11.32
676    33050000000.0    11.36
677    33100000000.0    11.43
678    33150000000.0    11.54
679    33200000000.0    11.54
680    33250000000.0    11.54
681    33300000000.0    11.54
682    33350000000.0    11.59
683    33400000000.0    11.59
684    33450000000.0    11.59
685    33500000000.0    11.64
686    33550000000.0    11.70
687    33600000000.0    11.65
688    33650000000.0    11.58
689    33700000000.0    11.58
690    33750000000.0    11.58
691    33800000000.0    11.52
692    33850000000.0    11.44
693    33900000000.0    11.47
694    33950000000.0    11.64
695    34000000000.0    11.73
696    34050000000.0    11.73
697    34100000000.0    11.73
698    34150000000.0    11.73
699    34200000000.0    11.68
700    34250000000.0    11.60
701    34300000000.0    11.60
702    34350000000.0    11.60
703    34400000000.0    11.60
704    34450000000.0    11.55
705    34500000000.0    11.46
706    34500000000.1    11.46
707    34550000000.0    11.46
708    34600000000.0    11.54
709    34650000000.0    11.58
710    34700000000.0    11.58
711    34750000000.0    11.58
712    34800000000.0    11.53
713    34850000000.0    11.53
714    34900000000.0    11.53
715    34950000000.0    11.49
716    35000000000.0    11.49
717    35050000000.0    11.49
718    35100000000.0    11.49
719    35150000000.0    11.54
720    35200000000.0    11.54
721    35250000000.0    11.57
722    35300000000.0    11.57
723    35350000000.0    11.57
724    35400000000.0    11.57
725    35450000000.0    11.61
726    35500000000.0    11.61
727    35550000000.0    11.61
728    35600000000.0    11.61
729    35650000000.0    11.64
730    35700000000.0    11.68
731    35750000000.0    11.74
732    35800000000.0    11.78
733    35850000000.0    11.78
734    35900000000.0    11.78
735    35950000000.0    11.82
736    36000000000.0    11.88
737    36050000000.0    11.88
738    36100000000.0    11.82
739    36150000000.0    11.74
740    36200000000.0    11.69
741    36250000000.0    11.69
742    36300000000.0    11.69
743    36350000000.0    11.74
744    36400000000.0    11.74
745    36450000000.0    11.74
746    36500000000.0    11.74
747    36550000000.0    11.81
748    36600000000.0    11.90
749    36650000000.0    11.95
750    36700000000.0    11.85
751    36750000000.0    11.69
752    36800000000.0    11.58
753    36850000000.0    11.58
754    36900000000.0    11.65
755    36950000000.0    11.65
756    37000000000.0    11.73
757    37050000000.0    11.82
758    37100000000.0    11.77
759    37150000000.0    11.67
760    37200000000.0    11.70
761    37250000000.0    11.85
762    37250000000.1    11.85
763    37300000000.0    11.89
764    37350000000.0    11.85
765    37400000000.0    11.71
766    37450000000.0    11.66
767    37500000000.0    11.70
768    37550000000.0    11.63
769    37600000000.0    11.60
770    37650000000.0    11.65
771    37700000000.0    11.65
772    37750000000.0    11.65
773    37800000000.0    11.60
774    37850000000.0    11.57
775    37900000000.0    11.57
776    37950000000.0    11.57
777    38000000000.0    11.57
778    38050000000.0    11.57
779    38100000000.0    11.57
780    38150000000.0    11.57
781    38200000000.0    11.57
782    38250000000.0    11.57
783    38300000000.0    11.57
784    38350000000.0    11.62
785    38400000000.0    11.62
786    38450000000.0    11.62
787    38500000000.0    11.62
788    38550000000.0    11.57
789    38600000000.0    11.57
790    38650000000.0    11.53
791    38700000000.0    11.53
792    38750000000.0    11.53
793    38800000000.0    11.60
794    38850000000.0    11.60
795    38900000000.0    11.60
796    38950000000.0    11.60
797    39000000000.0    11.60
798    39050000000.0    11.60
799    39100000000.0    11.63
800    39150000000.0    11.63
801    39200000000.0    11.63
802    39250000000.0    11.63
803    39300000000.0    11.63
804    39350000000.0    11.63
805    39400000000.0    11.63
806    39450000000.0    11.66
807    39500000000.0    11.71
808    39550000000.0    11.71
809    39600000000.0    11.62
810    39650000000.0    11.62
811    39700000000.0    11.70
812    39700000000.1    11.70
813    39750000000.0    11.63
814    39800000000.0    11.58
815    39850000000.0    11.67
816    39900000000.0    11.77
817    39950000000.0    11.77
818    40000000000.0    11.69
819    40050000000.0    11.66
820    40100000000.0    11.71
821    40150000000.0    11.71
822    40200000000.0    11.71
823    40250000000.0    11.89
824    40300000000.0    11.99
825    40350000000.0    11.99
826    40400000000.0    11.89
827    40450000000.0    11.89
828    40500000000.0    11.92
829    40550000000.0    11.92
830    40600000000.0    11.88
831    40650000000.0    11.84
832    40700000000.0    11.78
833    40750000000.0    11.78
834    40800000000.0    11.83
835    40850000000.0    11.90
836    40900000000.0    11.94
837    40950000000.0    12.01
838    41000000000.0    12.15
839    41050000000.0    12.19
840    41100000000.0    12.10
841    41150000000.0    11.99
842    41200000000.0    11.94
843    41250000000.0    11.82
844    41300000000.0    11.69
845    41350000000.0    11.78
846    41400000000.0    11.95
847    41450000000.0    11.99
848    41500000000.0    11.99
849    41550000000.0    11.99
850    41600000000.0    12.04
851    41650000000.0    11.94
852    41700000000.0    12.03
853    41750000000.0    12.34
854    41800000000.0    12.44
855    41850000000.0    12.24
856    41900000000.0    11.81
857    41950000000.0    11.81
858    42000000000.0    11.92
859    42050000000.0    11.77
860    42100000000.0    11.82
861    42150000000.0    12.12
862    42200000000.0    12.29
863    42250000000.0    12.16
864    42300000000.0    12.01
865    42350000000.0    12.14
866    42400000000.0    12.31
867    42450000000.0    12.21
868    42500000000.0    11.91
869    42550000000.0    11.84
870    42600000000.0    11.90
871    42650000000.0    11.90
872    42700000000.0    11.90
873    42750000000.0    11.96
874    42800000000.0    12.07
875    42850000000.0    12.14
876    42900000000.0    12.17
877    42950000000.0    12.17
878    43000000000.0    12.12
879    50000000.0    4.92
880    100000000.0    4.92
881    150000000.0    4.92
882    200000000.0    4.92
883    250000000.0    4.96
884    300000000.0    4.96
885    350000000.0    4.96
886    400000000.0    5.00
887    450000000.0    4.96
888    500000000.0    4.96
889    550000000.0    5.00
890    600000000.0    5.00
891    650000000.0    5.00
892    700000000.0    5.00
893    750000000.0    5.04
894    800000000.0    5.04
895    850000000.0    5.04
896    900000000.0    5.04
897    950000000.0    5.04
898    1000000000.0    5.04
899    1050000000.0    5.08
900    1100000000.0    5.08
901    1150000000.0    5.08
902    1200000000.0    5.08
903    1250000000.0    5.18
904    1300000000.0    5.09
905    1350000000.0    5.09
906    1366250000.0    5.09
907    1366250000.1    5.09
908    1416250000.0    5.09
909    1466250000.0    5.09
910    1516250000.0    5.09
911    1566250000.0    5.09
912    1616250000.0    5.09
913    1666250000.0    5.05
914    1716250000.0    5.05
915    1766250000.0    5.05
916    1816250000.0    5.11
917    1866250000.0    5.11
918    1916250000.0    5.11
919    1966250000.0    5.11
920    2016250000.0    5.23
921    2066250000.0    5.23
922    2116250000.0    5.23
923    2166250000.0    5.27
924    2216250000.0    5.27
925    2266250000.0    5.27
926    2316250000.0    5.27
927    2366250000.0    5.27
928    2416250000.0    5.27
929    2466250000.0    5.27
930    2516250000.0    5.27
931    2566250000.0    5.27
932    2600000000.0    5.27
933    2600000000.1    5.27
934    2650000000.0    5.27
935    2700000000.0    5.27
936    2750000000.0    5.27
937    2800000000.0    5.27
938    2850000000.0    5.27
939    2900000000.0    5.27
940    2950000000.0    5.27
941    3000000000.0    5.27
942    3050000000.0    5.30
943    3100000000.0    5.30
944    3150000000.0    5.30
945    3200000000.0    5.30
946    3250000000.0    5.42
947    3300000000.0    5.42
948    3350000000.0    5.42
949    3400000000.0    5.42
950    3450000000.0    5.42
951    3500000000.0    5.42
952    3550000000.0    5.42
953    3600000000.0    5.42
954    3650000000.0    5.42
955    3700000000.0    5.46
956    3750000000.0    5.46
957    3800000000.0    5.46
958    3850000000.0    5.46
959    3900000000.0    5.49
960    3950000000.0    5.49
961    4000000000.0    5.46
962    4133750000.0    5.49
963    4133750000.1    5.49
964    4183750000.0    5.49
965    4233750000.0    5.49
966    4283750000.0    5.49
967    4333750000.0    5.49
968    4383750000.0    5.49
969    4433750000.0    5.49
970    4483750000.0    5.49
971    4533750000.0    5.52
972    4583750000.0    5.52
973    4633750000.0    5.52
974    4683750000.0    5.52
975    4733750000.0    5.52
976    4783750000.0    5.52
977    4833750000.0    5.52
978    4883750000.0    5.52
979    4933750000.0    5.52
980    4983750000.0    5.52
981    5033750000.0    5.55
982    5083750000.0    5.55
983    5133750000.0    5.55
984    5183750000.0    5.55
985    5233750000.0    5.55
986    5283750000.0    5.55
987    5333750000.0    5.55
988    5383750000.0    5.55
989    5433750000.0    5.59
990    5483750000.0    5.59
991    5533750000.0    5.59
992    5583750000.0    5.59
993    5633750000.0    5.59
994    5683750000.0    5.59
995    5733750000.0    5.59
996    5783750000.0    5.59
997    5833750000.0    5.59
998    5883750000.0    5.59
999    5933750000.0    5.59
1000    5983750000.0    5.59
1001    6033750000.0    5.59
1002    6083750000.0    5.59
1003    6133750000.0    5.59
1004    6183750000.0    5.59
1005    6233750000.0    5.59
1006    6283750000.0    5.59
1007    6333750000.0    5.59
1008    6383750000.0    5.59
1009    6433750000.0    5.59
1010    6483750000.0    5.59
1011    6533750000.0    5.59
1012    6583750000.0    5.64
1013    6633750000.0    5.64
1014    6683750000.0    5.60
1015    6733750000.0    5.60
1016    6783750000.0    5.60
1017    6833750000.0    5.60
1018    6883750000.0    5.60
1019    6933750000.0    5.60
1020    6983750000.0    5.60
1021    7033750000.0    5.60
1022    7083750000.0    5.60
1023    7133750000.0    5.60
1024    7183750000.0    5.60
1025    7233750000.0    5.60
1026    7283750000.0    5.63
1027    7333750000.0    5.63
1028    7383750000.0    5.63
1029    7433750000.0    5.63
1030    7483750000.0    5.63
1031    7500000000.0    5.63
1032    7500000000.1    5.63
1033    7550000000.0    5.63
1034    7600000000.0    5.63
1035    7650000000.0    5.63
1036    7700000000.0    5.63
1037    7750000000.0    5.63
1038    7800000000.0    5.60
1039    7850000000.0    5.66
1040    7900000000.0    5.71
1041    7950000000.0    5.71
1042    8000000000.0    5.66
1043    8050000000.0    5.66
1044    8100000000.0    5.66
1045    8150000000.0    5.66
1046    8200000000.0    5.66
1047    8250000000.0    5.66
1048    8300000000.0    5.66
1049    8350000000.0    5.66
1050    8400000000.0    5.66
1051    8450000000.0    5.66
1052    8500000000.0    5.66
1053    8550000000.0    5.66
1054    8600000000.0    5.66
1055    8650000000.0    5.66
1056    8700000000.0    5.66
1057    8750000000.0    5.66
1058    8800000000.0    5.66
1059    8850000000.0    5.66
1060    8900000000.0    5.66
1061    8950000000.0    5.66
1062    9000000000.0    5.66
1063    9050000000.0    5.71
1064    9100000000.0    5.67
1065    9150000000.0    5.62
1066    9200000000.0    5.62
1067    9250000000.0    5.67
1068    9300000000.0    5.67
1069    9350000000.0    5.67
1070    9400000000.0    5.67
1071    9450000000.0    5.67
1072    9500000000.0    5.63
1073    9500000000.1    5.63
1074    9550000000.0    5.63
1075    9600000000.0    5.68
1076    9650000000.0    5.74
1077    9700000000.0    5.74
1078    9750000000.0    5.74
1079    9800000000.0    5.70
1080    9850000000.0    5.70
1081    9900000000.0    5.70
1082    9950000000.0    5.70
1083    10000000000.0    5.70
1084    10050000000.0    5.70
1085    10100000000.0    5.70
1086    10150000000.0    5.70
1087    10200000000.0    5.70
1088    10250000000.0    5.70
1089    10300000000.0    5.67
1090    10350000000.0    5.70
1091    10400000000.0    5.70
1092    10450000000.0    5.70
1093    10500000000.0    5.70
1094    10550000000.0    5.75
1095    10600000000.0    5.75
1096    10650000000.0    5.70
1097    10700000000.0    5.70
1098    10750000000.0    5.73
1099    10800000000.0    5.73
1100    10850000000.0    5.73
1101    10900000000.0    5.73
1102    10950000000.0    5.73
1103    11000000000.0    5.73
1104    11050000000.0    5.73
1105    11100000000.0    5.76
1106    11150000000.0    5.76
1107    11200000000.0    5.76
1108    11250000000.0    5.72
1109    11300000000.0    5.75
1110    11350000000.0    5.75
1111    11400000000.0    5.71
1112    11450000000.0    5.71
1113    11500000000.0    5.76
1114    11500000000.1    5.76
1115    11550000000.0    5.76
1116    11600000000.0    5.72
1117    11650000000.0    5.72
1118    11700000000.0    5.76
1119    11750000000.0    5.76
1120    11800000000.0    5.70
1121    11850000000.0    5.70
1122    11900000000.0    5.77
1123    11950000000.0    5.81
1124    12000000000.0    5.74
1125    12050000000.0    5.74
1126    12100000000.0    5.74
1127    12150000000.0    5.74
1128    12200000000.0    5.74
1129    12250000000.0    5.74
1130    12300000000.0    5.74
1131    12350000000.0    5.74
1132    12400000000.0    5.74
1133    12450000000.0    5.74
1134    12500000000.0    5.74
1135    12550000000.0    5.74
1136    12600000000.0    5.74
1137    12650000000.0    5.74
1138    12700000000.0    5.69
1139    12750000000.0    5.66
1140    12800000000.0    5.70
1141    12850000000.0    5.77
1142    12900000000.0    5.77
1143    12950000000.0    5.68
1144    13000000000.0    5.71
1145    13050000000.0    5.77
1146    13100000000.0    5.73
1147    13150000000.0    5.70
1148    13200000000.0    5.70
1149    13250000000.0    5.74
1150    13300000000.0    5.74
1151    13350000000.0    5.74
1152    13400000000.0    5.78
1153    13450000000.0    5.84
1154    13500000000.0    5.84
1155    13500000000.1    5.84
1156    13550000000.0    5.77
1157    13600000000.0    5.77
1158    13650000000.0    5.77
1159    13700000000.0    5.77
1160    13750000000.0    5.77
1161    13800000000.0    5.77
1162    13850000000.0    5.77
1163    13900000000.0    5.77
1164    13950000000.0    5.77
1165    14000000000.0    5.81
1166    14050000000.0    5.81
1167    14100000000.0    5.77
1168    14150000000.0    5.77
1169    14200000000.0    5.82
1170    14250000000.0    5.82
1171    14300000000.0    5.82
1172    14350000000.0    5.82
1173    14400000000.0    5.82
1174    14450000000.0    5.82
1175    14500000000.0    5.78
1176    14550000000.0    5.78
1177    14600000000.0    5.78
1178    14650000000.0    5.78
1179    14700000000.0    5.82
1180    14750000000.0    5.82
1181    14800000000.0    5.82
1182    14850000000.0    5.86
1183    14900000000.0    5.86
1184    14950000000.0    5.86
1185    15000000000.0    5.86
1186    15050000000.0    5.86
1187    15100000000.0    5.86
1188    15150000000.0    5.86
1189    15200000000.0    5.82
1190    15250000000.0    5.91
1191    15300000000.0    5.97
1192    15350000000.0    5.97
1193    15400000000.0    5.90
1194    15450000000.0    5.90
1195    15500000000.0    5.94
1196    15500000000.1    5.94
1197    15550000000.0    5.94
1198    15600000000.0    5.94
1199    15650000000.0    6.00
1200    15700000000.0    6.00
1201    15750000000.0    6.00
1202    15800000000.0    5.94
1203    15850000000.0    5.94
1204    15900000000.0    6.00
1205    15950000000.0    6.00
1206    16000000000.0    6.00
1207    16050000000.0    6.00
1208    16100000000.0    6.00
1209    16150000000.0    6.00
1210    16200000000.0    6.00
1211    16250000000.0    6.00
1212    16300000000.0    6.00
1213    16300000000.1    6.00
1214    16350000000.0    6.00
1215    16400000000.0    6.05
1216    16450000000.0    6.05
1217    16500000000.0    5.97
1218    16550000000.0    5.97
1219    16600000000.0    6.01
1220    16650000000.0    6.04
1221    16700000000.0    6.04
1222    16750000000.0    5.98
1223    16800000000.0    5.98
1224    16850000000.0    5.98
1225    16900000000.0    5.98
1226    16950000000.0    5.98
1227    17000000000.0    5.98
1228    17050000000.0    5.98
1229    17100000000.0    5.98
1230    17150000000.0    5.98
1231    17200000000.0    5.98
1232    17250000000.0    5.98
1233    17300000000.0    5.98
1234    17350000000.0    5.98
1235    17400000000.0    5.98
1236    17450000000.0    6.02
1237    17500000000.0    6.02
1238    17500000000.1    6.02
1239    17550000000.0    6.07
1240    17600000000.0    6.04
1241    17650000000.0    6.04
1242    17700000000.0    6.04
1243    17750000000.0    6.04
1244    17800000000.0    6.04
1245    17850000000.0    6.04
1246    17900000000.0    6.08
1247    17950000000.0    6.08
1248    18000000000.0    6.08
1249    18050000000.0    6.08
1250    18100000000.0    6.11
1251    18