No. freqHz  powerdB
0    50000000.0    10.00
1    100000000.0    10.04
2    150000000.0    10.04
3    200000000.0    10.08
4    250000000.0    10.08
5    300000000.0    10.12
6    350000000.0    10.15
7    400000000.0    10.15
8    450000000.0    10.15
9    500000000.0    10.21
10    550000000.0    10.21
11    600000000.0    10.21
12    650000000.0    10.30
13    700000000.0    10.26
14    750000000.0    10.40
15    800000000.0    10.33
16    850000000.0    10.46
17    900000000.0    10.32
18    950000000.0    10.39
19    1000000000.0    10.61
20    1050000000.0    10.61
21    1100000000.0    10.43
22    1150000000.0    10.51
23    1200000000.0    10.72
24    1250000000.0    10.51
25    1300000000.0    10.55
26    1350000000.0    10.55
27    1366250000.0    10.52
28    1366250000.1    10.52
29    1416250000.0    10.67
30    1466250000.0    10.58
31    1516250000.0    10.58
32    1566250000.0    10.54
33    1616250000.0    10.54
34    1666250000.0    10.79
35    1716250000.0    10.26
36    1766250000.0    10.44
37    1816250000.0    10.67
38    1866250000.0    10.45
39    1916250000.0    10.28
40    1966250000.0    10.38
41    2016250000.0    11.00
42    2066250000.0    11.04
43    2116250000.0    11.04
44    2166250000.0    11.04
45    2216250000.0    11.04
46    2266250000.0    11.08
47    2316250000.0    11.08
48    2366250000.0    11.08
49    2416250000.0    11.08
50    2466250000.0    11.08
51    2516250000.0    11.08
52    2566250000.0    11.08
53    2600000000.0    11.12
54    2600000000.1    11.12
55    2650000000.0    11.12
56    2700000000.0    11.12
57    2750000000.0    11.12
58    2800000000.0    11.12
59    2850000000.0    11.12
60    2900000000.0    11.12
61    2950000000.0    11.15
62    3000000000.0    11.15
63    3050000000.0    11.15
64    3100000000.0    11.15
65    3150000000.0    11.15
66    3200000000.0    11.15
67    3250000000.0    10.81
68    3300000000.0    10.81
69    3350000000.0    10.81
70    3400000000.0    10.81
71    3450000000.0    10.81
72    3500000000.0    10.81
73    3550000000.0    10.81
74    3600000000.0    10.81
75    3650000000.0    10.84
76    3700000000.0    10.84
77    3750000000.0    10.84
78    3800000000.0    10.84
79    3850000000.0    10.84
80    3900000000.0    10.88
81    3950000000.0    10.88
82    4000000000.0    10.88
83    4050000000.0    10.88
84    4100000000.0    10.88
85    4150000000.0    10.88
86    4200000000.0    10.91
87    4250000000.0    10.91
88    4300000000.0    10.91
89    4350000000.0    10.91
90    4400000000.0    10.91
91    4450000000.0    10.91
92    4500000000.0    10.95
93    4550000000.0    10.95
94    4600000000.0    10.95
95    4650000000.0    10.95
96    4700000000.0    10.95
97    4750000000.0    10.95
98    4800000000.0    10.95
99    4850000000.0    10.95
100    4900000000.0    10.95
101    4950000000.0    10.95
102    5000000000.0    10.95
103    5050000000.0    10.95
104    5100000000.0    10.95
105    5150000000.0    10.99
106    5200000000.0    10.99
107    5250000000.0    10.99
108    5300000000.0    10.99
109    5350000000.0    10.99
110    5400000000.0    10.99
111    5450000000.0    11.02
112    5500000000.0    11.02
113    5550000000.0    11.02
114    5600000000.0    11.02
115    5650000000.0    11.02
116    5700000000.0    11.02
117    5750000000.0    11.02
118    5800000000.0    11.02
119    5850000000.0    11.02
120    5900000000.0    11.02
121    5950000000.0    11.02
122    6000000000.0    11.02
123    6050000000.0    11.02
124    6100000000.0    11.02
125    6150000000.0    11.02
126    6200000000.0    11.02
127    6250000000.0    11.06
128    6300000000.0    11.06
129    6350000000.0    11.06
130    6400000000.0    11.06
131    6450000000.0    11.06
132    6500000000.0    11.06
133    6550000000.0    11.06
134    6600000000.0    11.06
135    6650000000.0    11.06
136    6700000000.0    11.11
137    6750000000.0    11.11
138    6800000000.0    11.11
139    6850000000.0    11.11
140    6900000000.0    11.11
141    6950000000.0    11.11
142    7000000000.0    11.11
143    7050000000.0    11.11
144    7100000000.0    11.11
145    7150000000.0    11.07
146    7200000000.0    11.07
147    7200000000.1    11.07
148    7250000000.0    11.07
149    7300000000.0    11.12
150    7350000000.0    11.12
151    7400000000.0    11.15
152    7450000000.0    11.15
153    7500000000.0    11.15
154    7550000000.0    11.12
155    7600000000.0    11.12
156    7650000000.0    11.12
157    7700000000.0    11.12
158    7750000000.0    11.17
159    7800000000.0    11.17
160    7850000000.0    11.17
161    7900000000.0    11.17
162    7950000000.0    11.14
163    8000000000.0    11.14
164    8050000000.0    11.14
165    8100000000.0    11.14
166    8150000000.0    11.14
167    8200000000.0    11.14
168    8250000000.0    11.14
169    8300000000.0    11.14
170    8350000000.0    11.14
171    8400000000.0    11.14
172    8450000000.0    11.14
173    8500000000.0    11.14
174    8550000000.0    11.14
175    8600000000.0    11.14
176    8650000000.0    11.17
177    8700000000.0    11.17
178    8750000000.0    11.17
179    8800000000.0    11.17
180    8850000000.0    11.17
181    8900000000.0    11.17
182    8950000000.0    11.17
183    9000000000.0    11.17
184    9050000000.0    11.20
185    9100000000.0    11.20
186    9150000000.0    11.26
187    9200000000.0    11.20
188    9250000000.0    11.24
189    9300000000.0    11.24
190    9350000000.0    11.24
191    9400000000.0    11.30
192    9450000000.0    11.22
193    9500000000.0    11.22
194    9500000000.1    11.22
195    9550000000.0    11.19
196    9600000000.0    11.19
197    9650000000.0    11.19
198    9700000000.0    11.22
199    9750000000.0    11.22
200    9800000000.0    11.27
201    9850000000.0    11.27
202    9900000000.0    11.27
203    9950000000.0    11.27
204    10000000000.0    11.27
205    10050000000.0    11.27
206    10100000000.0    11.27
207    10150000000.0    11.27
208    10200000000.0    11.27
209    10250000000.0    11.27
210    10300000000.0    11.27
211    10350000000.0    11.27
212    10400000000.0    11.27
213    10450000000.0    11.27
214    10500000000.0    11.27
215    10550000000.0    11.27
216    10600000000.0    11.31
217    10650000000.0    11.31
218    10700000000.0    11.31
219    10750000000.0    11.31
220    10800000000.0    11.31
221    10850000000.0    11.31
222    10900000000.0    11.31
223    10950000000.0    11.31
224    11000000000.0    11.27
225    11050000000.0    11.27
226    11100000000.0    11.27
227    11150000000.0    11.27
228    11200000000.0    11.27
229    11250000000.0    11.27
230    11300000000.0    11.27
231    11350000000.0    11.27
232    11400000000.0    11.27
233    11450000000.0    11.27
234    11500000000.0    11.27
235    11500000000.1    11.27
236    11550000000.0    11.27
237    11600000000.0    11.21
238    11650000000.0    11.26
239    11700000000.0    11.26
240    11750000000.0    11.26
241    11800000000.0    11.29
242    11850000000.0    11.29
243    11900000000.0    11.34
244    11950000000.0    11.37
245    12000000000.0    11.37
246    12050000000.0    11.44
247    12100000000.0    11.34
248    12150000000.0    11.42
249    12200000000.0    11.35
250    12250000000.0    11.35
251    12300000000.0    11.39
252    12350000000.0    11.34
253    12400000000.0    11.41
254    12450000000.0    11.38
255    12500000000.0    11.38
256    12550000000.0    11.44
257    12600000000.0    11.37
258    12650000000.0    11.44
259    12700000000.0    11.36
260    12750000000.0    11.36
261    12800000000.0    11.40
262    12850000000.0    11.40
263    12900000000.0    11.40
264    12950000000.0    11.40
265    13000000000.0    11.40
266    13050000000.0    11.40
267    13100000000.0    11.40
268    13150000000.0    11.40
269    13200000000.0    11.34
270    13250000000.0    11.38
271    13300000000.0    11.38
272    13350000000.0    11.38
273    13400000000.0    11.38
274    13450000000.0    11.38
275    13500000000.0    11.38
276    13500000000.1    11.38
277    13550000000.0    11.38
278    13600000000.0    11.38
279    13650000000.0    11.38
280    13700000000.0    11.38
281    13750000000.0    11.35
282    13800000000.0    11.35
283    13850000000.0    11.35
284    13900000000.0    11.39
285    13950000000.0    11.39
286    14000000000.0    11.33
287    14050000000.0    11.36
288    14100000000.0    11.36
289    14150000000.0    11.36
290    14200000000.0    11.36
291    14250000000.0    11.36
292    14300000000.0    11.39
293    14350000000.0    11.39
294    14400000000.0    11.47
295    14450000000.0    11.47
296    14500000000.0    11.44
297    14550000000.0    11.44
298    14600000000.0    11.39
299    14650000000.0    11.39
300    14700000000.0    11.39
301    14750000000.0    11.39
302    14800000000.0    11.43
303    14850000000.0    11.43
304    14900000000.0    11.43
305    14950000000.0    11.47
306    15000000000.0    11.47
307    50000000.0    5.04
308    100000000.0    5.04
309    150000000.0    5.10
310    200000000.0    5.10
311    250000000.0    5.10
312    300000000.0    5.16
313    350000000.0    5.16
314    400000000.0    5.21
315    450000000.0    5.21
316    500000000.0    5.29
317    550000000.0    5.29
318    600000000.0    5.29
319    650000000.0    5.36
320    700000000.0    5.33
321    750000000.0    5.46
322    800000000.0    5.37
323    850000000.0    5.51
324    900000000.0    5.35
325    950000000.0    5.44
326    1000000000.0    5.64
327    1050000000.0    5.64
328    1100000000.0    5.48
329    1150000000.0    5.56
330    1200000000.0    5.78
331    1250000000.0    5.56
332    1300000000.0    5.61
333    1350000000.0    5.64
334    1366250000.0    5.57
335    1366250000.1    5.57
336    1416250000.0    5.74
337    1466250000.0    5.63
338    1516250000.0    5.63
339    1566250000.0    5.59
340    1616250000.0    5.62
341    1666250000.0    5.87
342    1716250000.0    5.37
343    1766250000.0    5.53
344    1816250000.0    5.78
345    1866250000.0    5.56
346    1916250000.0    5.40
347    1966250000.0    5.51
348    2016250000.0    5.93
349    2066250000.0    5.96
350    2116250000.0    5.96
351    2166250000.0    5.96
352    2216250000.0    5.99
353    2266250000.0    5.99
354    2316250000.0    6.02
355    2366250000.0    6.02
356    2416250000.0    6.02
357    2466250000.0    6.02
358    2516250000.0    6.02
359    2566250000.0    6.02
360    2600000000.0    6.02
361    2600000000.1    6.02
362    2650000000.0    6.02
363    2700000000.0    6.02
364    2750000000.0    6.05
365    2800000000.0    6.05
366    2850000000.0    6.05
367    2900000000.0    6.05
368    2950000000.0    6.09
369    3000000000.0    6.09
370    3050000000.0    6.09
371    3100000000.0    6.09
372    3150000000.0    6.09
373    3200000000.0    6.09
374    3250000000.0    5.75
375    3300000000.0    5.75
376    3350000000.0    5.75
377    3400000000.0    5.75
378    3450000000.0    5.75
379    3500000000.0    5.75
380    3550000000.0    5.75
381    3600000000.0    5.75
382    3650000000.0    5.75
383    3700000000.0    5.75
384    3750000000.0    5.75
385    3800000000.0    5.75
386    3850000000.0    5.79
387    3900000000.0    5.79
388    3950000000.0    5.79
389    4000000000.0    5.79
390    4050000000.0    5.79
391    4100000000.0    5.79
392    4150000000.0    5.84
393    4200000000.0    5.84
394    4250000000.0    5.84
395    4300000000.0    5.84
396    4350000000.0    5.84
397    4400000000.0    5.84
398    4450000000.0    5.84
399    4500000000.0    5.89
400    4550000000.0    5.89
401    4600000000.0    5.89
402    4650000000.0    5.89
403    4700000000.0    5.89
404    4750000000.0    5.89
405    4800000000.0    5.89
406    4850000000.0    5.89
407    4900000000.0    5.89
408    4950000000.0    5.89
409    5000000000.0    5.89
410    5050000000.0    5.89
411    5100000000.0    5.89
412    5150000000.0    5.93
413    5200000000.0    5.93
414    5250000000.0    5.93
415    5300000000.0    5.93
416    5350000000.0    5.93
417    5400000000.0    5.96
418    5450000000.0    5.96
419    5500000000.0    5.96
420    5550000000.0    5.96
421    5600000000.0    5.96
422    5650000000.0    5.96
423    5700000000.0    5.96
424    5750000000.0    5.96
425    5800000000.0    5.96
426    5850000000.0    5.96
427    5900000000.0    5.96
428    5950000000.0    5.96
429    6000000000.0    5.99
430    6050000000.0    5.99
431    6100000000.0    5.99
432    6150000000.0    5.99
433    6200000000.0    5.99
434    6250000000.0    5.99
435    6300000000.0    5.99
436    6350000000.0    5.99
437    6400000000.0    5.99
438    6450000000.0    5.99
439    6500000000.0    5.99
440    6550000000.0    5.99
441    6600000000.0    5.99
442    6650000000.0    5.99
443    6700000000.0    6.05
444    6750000000.0    6.05
445    6800000000.0    6.05
446    6850000000.0    6.05
447    6900000000.0    6.05
448    6950000000.0    6.05
449    7000000000.0    6.05
450    7050000000.0    6.05
451    7100000000.0    6.05
452    7150000000.0    6.05
453    7200000000.0    6.01
454    7200000000.1    6.01
455    7250000000.0    6.01
456    7300000000.0    6.07
457    7350000000.0    6.07
458    7400000000.0    6.07
459    7450000000.0    6.07
460    7500000000.0    6.07
461    7550000000.0    6.07
462    7600000000.0    6.07
463    7650000000.0    6.07
464    7700000000.0    6.07
465    7750000000.0    6.13
466    7800000000.0    6.13
467    7850000000.0    6.13
468    7900000000.0    6.13
469    7950000000.0    6.09
470    8000000000.0    6.09
471    8050000000.0    6.09
472    8100000000.0    6.09
473    8150000000.0    6.09
474    8200000000.0    6.09
475    8250000000.0    6.09
476    8300000000.0    6.09
477    8350000000.0    6.09
478    8400000000.0    6.12
479    8450000000.0    6.12
480    8500000000.0    6.12
481    8550000000.0    6.12
482    8600000000.0    6.12
483    8650000000.0    6.12
484    8700000000.0    6.12
485    8750000000.0    6.15
486    8800000000.0    6.15
487    8850000000.0    6.15
488    8900000000.0    6.15
489    8950000000.0    6.12
490    9000000000.0    6.12
491    9050000000.0    6.17
492    9100000000.0    6.17
493    9150000000.0    6.22
494    9200000000.0    6.16
495    9250000000.0    6.21
496    9300000000.0    6.21
497    9350000000.0    6.21
498    9400000000.0    6.26
499    9450000000.0    6.18
500    9500000000.0    6.18
501    9500000000.1    6.18
502    9550000000.0    6.15
503    9600000000.0    6.15
504    9650000000.0    6.18
505    9700000000.0    6.18
506    9750000000.0    6.18
507    9800000000.0    6.23
508    9850000000.0    6.23
509    9900000000.0    6.23
510    9950000000.0    6.23
511    10000000000.0    6.23
512    10050000000.0    6.23
513    10100000000.0    6.23
514    10150000000.0    6.23
515    10200000000.0    6.23
516    10250000000.0    6.23
517    10300000000.0    6.23
518    10350000000.0    6.23
519    10400000000.0    6.23
520    10450000000.0    6.23
521    10500000000.0    6.23
522    10550000000.0    6.23
523    10600000000.0    6.27
524    10650000000.0    6.27
525    10700000000.0    6.27
526    10750000000.0    6.27
527    10800000000.0    6.27
528    10850000000.0    6.27
529    10900000000.0    6.27
530    10950000000.0    6.27
531    11000000000.0    6.24
532    11050000000.0    6.24
533    11100000000.0    6.24
534    11150000000.0    6.24
535    11200000000.0    6.24
536    11250000000.0    6.24
537    11300000000.0    6.24
538    11350000000.0    6.24
539    11400000000.0    6.24
540    11450000000.0    6.24
541    11500000000.0    6.24
542    11500000000.1    6.24
543    11550000000.0    6.24
544    11600000000.0    6.18
545    11650000000.0    6.24
546    11700000000.0    6.20
547    11750000000.0    6.25
548    11800000000.0    6.25
549    11850000000.0    6.29
550    11900000000.0    6.29
551    11950000000.0    6.34
552    12000000000.0    6.34
553    12050000000.0    6.40
554    12100000000.0    6.31
555    12150000000.0    6.39
556    12200000000.0    6.31
557    12250000000.0    6.31
558    12300000000.0    6.37
559    12350000000.0    6.31
560    12400000000.0    6.38
561    12450000000.0    6.38
562    12500000000.0    6.38
563    12550000000.0    6.42
564    12600000000.0    6.35
565    12650000000.0    6.40
566    12700000000.0    6.33
567    12750000000.0    6.33
568    12800000000.0    6.37
569    12850000000.0    6.37
570    12900000000.0    6.37
571    12950000000.0    6.37
572    13000000000.0    6.37
573    13050000000.0    6.37
574    13100000000.0    6.37
575    13150000000.0    6.37
576    13200000000.0    6.33
577    13250000000.0    6.37
578    13300000000.0    6.37
579    13350000000.0    6.37
580    13400000000.0    6.37
581    13450000000.0    6.37
582    13500000000.0    6.37
583    13500000000.1    6.37
584    13550000000.0    6.37
585    13600000000.0    6.37
586    13650000000.0    6.37
587    13700000000.0    6.37
588    13750000000.0    6.37
589    13800000000.0    6.37
590    13850000000.0    6.37
591    13900000000.0    6.37
592    13950000000.0    6.37
593    14000000000.0    6.33
594    14050000000.0    6.33
595    14100000000.0    6.33
596    14150000000.0    6.33
597    14200000000.0    6.33
598    14250000000.0    6.33
599    14300000000.0    6.38
600    14350000000.0    6.38
601    14400000000.0    6.45
602    14450000000.0    6.45
603    14500000000.0    6.45
604    14550000000.0    6.41
605    14600000000.0    6.41
606    14650000000.0    6.41
607    14700000000.0    6.41
608    14750000000.0    6.41
609    14800000000.0    6.41
610    14850000000.0    6.41
611    14900000000.0    6.44
612    14950000000.0    6.44
613    15000000000.0    6.44
614    50000000.0    0.04
615    100000000.0    0.07
616    150000000.0    0.10
617    200000000.0    0.10
618    250000000.0    0.10
619    300000000.0    0.17
620    350000000.0    0.17
621    400000000.0    0.22
622    450000000.0    0.22
623    500000000.0    0.31
624    550000000.0    0.31
625    600000000.0    0.31
626    650000000.0    0.38
627    700000000.0    0.34
628    750000000.0    0.46
629    800000000.0    0.39
630    850000000.0    0.51
631    900000000.0    0.34
632    950000000.0    0.44
633    1000000000.0    0.64
634    1050000000.0    0.64
635    1100000000.0    0.48
636    1150000000.0    0.55
637    1200000000.0    0.79
638    1250000000.0    0.56
639    1300000000.0    0.60
640    1350000000.0    0.63
641    1366250000.0    0.58
642    1366250000.1    0.58
643    1416250000.0    0.74
644    1466250000.0    0.63
645    1516250000.0    0.63
646    1566250000.0    0.59
647    1616250000.0    0.59
648    1666250000.0    0.89
649    1716250000.0    0.40
650    1766250000.0    0.56
651    1816250000.0    0.81
652    1866250000.0    0.60
653    1916250000.0    0.43
654    1966250000.0    0.53
655    2016250000.0    0.88
656    2066250000.0    0.88
657    2116250000.0    0.88
658    2166250000.0    0.88
659    2216250000.0    0.93
660    2266250000.0    0.93
661    2316250000.0    0.93
662    2366250000.0    0.93
663    2416250000.0    0.96
664    2466250000.0    0.96
665    2516250000.0    0.96
666    2566250000.0    0.96
667    2600000000.0    0.96
668    2600000000.1    0.96
669    2650000000.0    0.99
670    2700000000.0    0.99
671    2750000000.0    0.99
672    2800000000.0    0.99
673    2850000000.0    1.02
674    2900000000.0    1.02
675    2950000000.0    1.02
676    3000000000.0    1.02
677    3050000000.0    1.02
678    3100000000.0    1.02
679    3150000000.0    1.02
680    3200000000.0    1.02
681    3250000000.0    0.70
682    3300000000.0    0.70
683    3350000000.0    0.70
684    3400000000.0    0.70
685    3450000000.0    0.70
686    3500000000.0    0.70
687    3550000000.0    0.70
688    3600000000.0    0.70
689    3650000000.0    0.74
690    3700000000.0    0.74
691    3750000000.0    0.74
692    3800000000.0    0.74
693    3850000000.0    0.74
694    3900000000.0    0.74
695    3950000000.0    0.74
696    4000000000.0    0.74
697    4050000000.0    0.74
698    4100000000.0    0.74
699    4150000000.0    0.79
700    4200000000.0    0.79
701    4250000000.0    0.79
702    4300000000.0    0.79
703    4350000000.0    0.79
704    4400000000.0    0.79
705    4450000000.0    0.79
706    4500000000.0    0.84
707    4550000000.0    0.84
708    4600000000.0    0.84
709    4650000000.0    0.84
710    4700000000.0    0.84
711    4750000000.0    0.84
712    4800000000.0    0.84
713    4850000000.0    0.84
714    4900000000.0    0.84
715    4950000000.0    0.84
716    5000000000.0    0.84
717    5050000000.0    0.87
718    5100000000.0    0.87
719    5150000000.0    0.87
720    5200000000.0    0.87
721    5250000000.0    0.87
722    5300000000.0    0.87
723    5350000000.0    0.91
724    5400000000.0    0.91
725    5450000000.0    0.91
726    5500000000.0    0.91
727    5550000000.0    0.91
728    5600000000.0    0.91
729    5650000000.0    0.91
730    5700000000.0    0.91
731    5750000000.0    0.91
732    5800000000.0    0.91
733    5850000000.0    0.91
734    5900000000.0    0.91
735    5950000000.0    0.91
736    6000000000.0    0.95
737    6050000000.0    0.95
738    6100000000.0    0.95
739    6150000000.0    0.95
740    6200000000.0    0.95
741    6250000000.0    0.95
742    6300000000.0    0.95
743    6350000000.0    0.95
744    6400000000.0    0.95
745    6450000000.0    0.95
746    6500000000.0    0.95
747    6550000000.0    0.95
748    6600000000.0    0.95
749    6650000000.0    0.95
750    6700000000.0    1.00
751    6750000000.0    1.00
752    6800000000.0    1.00
753    6850000000.0    1.00
754    6900000000.0    1.00
755    6950000000.0    1.00
756    7000000000.0    1.00
757    7050000000.0    1.00
758    7100000000.0    1.00
759    7150000000.0    1.00
760    7200000000.0    0.96
761    7200000000.1    0.96
762    7250000000.0    0.96
763    7300000000.0    1.03
764    7350000000.0    1.03
765    7400000000.0    1.03
766    7450000000.0    1.03
767    7500000000.0    1.03
768    7550000000.0    1.03
769    7600000000.0    1.03
770    7650000000.0    1.03
771    7700000000.0    1.03
772    7750000000.0    1.08
773    7800000000.0    1.08
774    7850000000.0    1.08
775    7900000000.0    1.08
776    7950000000.0    1.05
777    8000000000.0    1.05
778    8050000000.0    1.05
779    8100000000.0    1.05
780    8150000000.0    1.05
781    8200000000.0    1.05
782    8250000000.0    1.05
783    8300000000.0    1.05
784    8350000000.0    1.05
785    8400000000.0    1.09
786    8450000000.0    1.09
787    8500000000.0    1.09
788    8550000000.0    1.09
789    8600000000.0    1.09
790    8650000000.0    1.09
791    8700000000.0    1.09
792    8750000000.0    1.12
793    8800000000.0    1.12
794    8850000000.0    1.12
795    8900000000.0    1.12
796    8950000000.0    1.09
797    9000000000.0    1.09
798    9050000000.0    1.13
799    9100000000.0    1.13
800    9150000000.0    1.18
801    9200000000.0    1.13
802    9250000000.0    1.18
803    9300000000.0    1.18
804    9350000000.0    1.18
805    9400000000.0    1.22
806    9450000000.0    1.14
807    9500000000.0    1.14
808    9500000000.1    1.14
809    9550000000.0    1.14
810    9600000000.0    1.11
811    9650000000.0    1.11
812    9700000000.0    1.14
813    9750000000.0    1.14
814    9800000000.0    1.19
815    9850000000.0    1.19
816    9900000000.0    1.19
817    9950000000.0    1.19
818    10000000000.0    1.19
819    10050000000.0    1.19
820    10100000000.0    1.19
821    10150000000.0    1.19
822    10200000000.0    1.19
823    10250000000.0    1.19
824    10300000000.0    1.19
825    10350000000.0    1.19
826    10400000000.0    1.19
827    10450000000.0    1.19
828    10500000000.0    1.19
829    10550000000.0    1.19
830    10600000000.0    1.24
831    10650000000.0    1.24
832    10700000000.0    1.24
833    10750000000.0    1.24
834    10800000000.0    1.24
835    10850000000.0    1.24
836    10900000000.0    1.24
837    10950000000.0    1.24
838    11000000000.0    1.20
839    11050000000.0    1.20
840    11100000000.0    1.20
841    11150000000.0    1.20
842    11200000000.0    1.20
843    11250000000.0    1.20
844    11300000000.0    1.20
845    11350000000.0    1.20
846    11400000000.0    1.20
847    11450000000.0    1.20
848    11500000000.0    1.20
849    11500000000.1    1.20
850    11550000000.0    1.20
851    11600000000.0    1.14
852    11650000000.0    1.19
853    11700000000.0    1.19
854    11750000000.0    1.19
855    11800000000.0    1.23
856    11850000000.0    1.23
857    11900000000.0    1.26
858    11950000000.0    1.30
859    12000000000.0    1.30
860    12050000000.0    1.36
861    12100000000.0    1.27
862    12150000000.0    1.35
863    12200000000.0    1.27
864    12250000000.0    1.27
865    12300000000.0    1.31
866    12350000000.0    1.28
867    12400000000.0    1.33
868    12450000000.0    1.33
869    12500000000.0    1.33
870    12550000000.0    1.38
871    12600000000.0    1.31
872    12650000000.0    1.36
873    12700000000.0    1.29
874    12750000000.0    1.29
875    12800000000.0    1.33
876    12850000000.0    1.33
877    12900000000.0    1.33
878    12950000000.0    1.33
879    13000000000.0    1.33
880    13050000000.0    1.33
881    13100000000.0    1.33
882    13150000000.0    1.33
883    13200000000.0    1.29
884    13250000000.0    1.32
885    13300000000.0    1.32
886    13350000000.0    1.32
887    13400000000.0    1.32
888    13450000000.0    1.32
889    13500000000.0    1.32
890    13500000000.1    1.32
891    13550000000.0    1.36
892    13600000000.0    1.36
893    13650000000.0    1.36
894    13700000000.0    1.33
895    13750000000.0    1.33
896    13800000000.0    1.33
897    13850000000.0    1.33
898    13900000000.0    1.33
899    13950000000.0    1.33
900    14000000000.0    1.33
901    14050000000.0    1.33
902    14100000000.0    1.33
903    14150000000.0    1.33
904    14200000000.0    1.33
905    14250000000.0    1.33
906    14300000000.0    1.33
907    14350000000.0    1.38
908    14400000000.0    1.43
909    14450000000.0    1.43
910    14500000000.0    1.39
911    14550000000.0    1.39
912    14600000000.0    1.36
913    14650000000.0    1.36
914    14700000000.0    1.36
915    14750000000.0    1.36
916    14800000000.0    1.36
917    14850000000.0    1.36
918    14900000000.0    1.41
919    14950000000.0    1.41
920    15000000000.0    1.41
921    50000000.0    -4.93
922    100000000.0    -4.93
923    150000000.0    -4.89
924    200000000.0    -4.89
925    250000000.0    -4.86
926    300000000.0    -4.83
927    350000000.0    -4.83
928    400000000.0    -4.78
929    450000000.0    -4.78
930    500000000.0    -4.72
931    550000000.0    -4.72
932    600000000.0    -4.72
933    650000000.0    -4.66
934    700000000.0    -4.66
935    750000000.0    -4.61
936    800000000.0    -4.69
937    850000000.0    -4.53
938    900000000.0    -4.75
939    950000000.0    -4.67
940    1000000000.0    -4.45
941    1050000000.0    -4.48
942    1100000000.0    -4.62
943    1150000000.0    -4.57
944    1200000000.0    -4.37
945    1250000000.0    -4.55
946    1300000000.0    -4.55
947    1350000000.0    -4.52
948    1366250000.0    -4.58
949    1366250000.1    -4.58
950    1416250000.0    -4.44
951    1466250000.0    -4.51
952    1516250000.0    -4.51
953    1566250000.0    -4.58
954    1616250000.0    -4.58
955    1666250000.0    -4.30
956    1716250000.0    -4.77
957    1766250000.0    -4.61
958    1816250000.0    -4.36
959    1866250000.0    -4.56
960    1916250000.0    -4.73
961    1966250000.0    -4.60
962    2016250000.0    -4.26
963    2066250000.0    -4.26
964    2116250000.0    -4.26
965    2166250000.0    -4.26
966    2216250000.0    -4.22
967    2266250000.0    -4.22
968    2316250000.0    -4.22
969    2366250000.0    -4.22
970    2416250000.0    -4.22
971    2466250000.0    -4.22
972    2516250000.0    -4.19
973    2566250000.0    -4.19
974    2600000000.0    -4.19
975    2600000000.1    -4.19
976    2650000000.0    -4.19
977    2700000000.0    -4.19
978    2750000000.0    -4.16
979    2800000000.0    -4.16
980    2850000000.0    -4.16
981    2900000000.0    -4.16
982    2950000000.0    -4.12
983    3000000000.0    -4.12
984    3050000000.0    -4.12
985    3100000000.0    -4.12
986    3150000000.0    -4.12
987    3200000000.0    -4.12
988    3250000000.0    -4.29
989    3300000000.0    -4.29
990    3350000000.0    -4.29
991    3400000000.0    -4.29
992    3450000000.0    -4.29
993    3500000000.0    -4.29
994    3550000000.0    -4.29
995    3600000000.0    -4.29
996    3650000000.0    -4.26
997    3700000000.0    -4.26
998    3750000000.0    -4.26
999    3800000000.0    -4.26
1000    3850000000.0    -4.26
1001    3900000000.0    -4.26
1002    3950000000.0    -4.26
1003    4000000000.0    -4.22
1004    4050000000.0    -4.22
1005    4100000000.0    -4.22
1006    4150000000.0    -4.22
1007    4200000000.0    -4.22
1008    4250000000.0    -4.18
1009    4300000000.0    -4.18
1010    4350000000.0    -4.18
1011    4400000000.0    -4.18
1012    4450000000.0    -4.18
1013    4500000000.0    -4.18
1014    4550000000.0    -4.18
1015    4600000000.0    -4.15
1016    4650000000.0    -4.15
1017    4700000000.0    -4.15
1018    4750000000.0    -4.15
1019    4800000000.0    -4.15
1020    4850000000.0    -4.15
1021    4900000000.0    -4.15
1022    4950000000.0    -4.15
1023    5000000000.0    -4.15
1024    5050000000.0    -4.15
1025    5100000000.0    -4.15
1026    5150000000.0    -4.11
1027    5200000000.0    -4.11
1028    5250000000.0    -4.11
1029    5300000000.0    -4.11
1030    5350000000.0    -4.11
1031    5400000000.0    -4.11
1032    5450000000.0    -4.11
1033    5500000000.0    -4.11
1034    5550000000.0    -4.11
1035    5600000000.0    -4.11
1036    5650000000.0    -4.08
1037    5700000000.0    -4.08
1038    5750000000.0    -4.08
1039    5800000000.0    -4.08
1040    5850000000.0    -4.08
1041    5900000000.0    -4.08
1042    5950000000.0    -4.08
1043    6000000000.0    -4.08
1044    6050000000.0    -4.08
1045    6100000000.0    -4.08
1046    6150000000.0    -4.08
1047    6200000000.0    -4.04
1048    6250000000.0    -4.04
1049    6300000000.0    -4.04
1050    6350000000.0    -4.04
1051    6400000000.0    -4.04
1052    6450000000.0    -4.04
1053    6500000000.0    -4.04
1054    6550000000.0    -4.04
1055    6600000000.0    -4.04
1056    6650000000.0    -4.04
1057    6700000000.0    -4.01
1058    6750000000.0    -4.01
1059    6800000000.0    -4.01
1060    6850000000.0    -4.01
1061    6900000000.0    -4.01
1062    6950000000.0    -4.01
1063    7000000000.0    -4.01
1064    7050000000.0    -3.98
1065    7100000000.0    -3.98
1066    7150000000.0    -3.98
1067    7200000000.0    -3.98
1068    7200000000.1    -3.98
1069    7250000000.0    -3.98
1070    7300000000.0    -3.98
1071    7350000000.0    -3.98
1072    7400000000.0    -3.98
1073    7450000000.0    -3.98
1074    7500000000.0    -3.98
1075    7550000000.0    -3.98
1076    7600000000.0    -3.98
1077    7650000000.0    -3.98
1078    7700000000.0    -3.98
1079    7750000000.0    -3.94
1080    7800000000.0    -3.94
1081    7850000000.0    -3.94
1082    7900000000.0    -3.94
1083    7950000000.0    -3.94
1084    8000000000.0    -3.94
1085    8050000000.0    -3.94
1086    8100000000.0    -3.94
1087    8150000000.0    -3.94
1088    8200000000.0    -3.94
1089    8250000000.0    -3.94
1090    8300000000.0    -3.94
1091    8350000000.0    -3.94
1092    8400000000.0    -3.94
1093    8450000000.0    -3.94
1094    8500000000.0    -3.94
1095    8550000000.0    -3.94
1096    8600000000.0    -3.94
1097    8650000000.0    -3.94
1098    8700000000.0    -3.94
1099    8750000000.0    -3.90
1100    8800000000.0    -3.90
1101    8850000000.0    -3.90
1102    8900000000.0    -3.90
1103    8950000000.0    -3.90
1104    9000000000.0    -3.90
1105    9050000000.0    -3.90
1106    9100000000.0    -3.90
1107    9150000000.0    -3.83
1108    9200000000.0    -3.88
1109    9250000000.0    -3.83
1110    9300000000.0    -3.83
1111    9350000000.0    -3.83
1112    9400000000.0    -3.83
1113    9450000000.0    -3.88
1114    9500000000.0    -3.88
1115    9500000000.1    -3.88
1116    9550000000.0    -3.88
1117    9600000000.0    -3.88
1118    9650000000.0    -3.88
1119    9700000000.0    -3.88
1120    9750000000.0    -3.88
1121    9800000000.0    -3.88
1122    9850000000.0    -3.88
1123    9900000000.0    -3.88
1124    9950000000.0    -3.84
1125    10000000000.0    -3.84
1126    10050000000.0    -3.84
1127    10100000000.0    -3.84
1128    10150000000.0    -3.84
1129    10200000000.0    -3.84
1130    10250000000.0    -3.84
1131    10300000000.0    -3.84
1132    10350000000.0    -3.84
1133    10400000000.0    -3.84
1134    10450000000.0    -3.84
1135    10500000000.0    -3.81
1136    10550000000.0    -3.81
1137    10600000000.0    -3.81
1138    10650000000.0    -3.81
1139    10700000000.0    -3.81
1140    10750000000.0    -3.77
1141    10800000000.0    -3.77
1142    10850000000.0    -3.77
1143    10900000000.0    -3.77
1144    10950000000.0    -3.80
1145    11000000000.0    -3.80
1146    11050000000.0    -3.80
1147    11100000000.0    -3.80
1148    11150000000.0    -3.84
1149    11200000000.0    -3.84
1150    11250000000.0    -3.84
1151    11300000000.0    -3.84
1152    11350000000.0    -3.84
1153    11400000000.0    -3.84
1154    11450000000.0    -3.87
1155    11500000000.0    -3.84
1156    11500000000.1    -3.84
1157    11550000000.0    -3.84
1158    11600000000.0    -3.84
1159    11650000000.0    -3.84
1160    11700000000.0    -3.84
1161    11750000000.0    -3.84
1162    11800000000.0    -3.80
1163    11850000000.0    -3.80
1164    11900000000.0    -3.77
1165    11950000000.0    -3.77
1166    12000000000.0    -3.77
1167    12050000000.0    -3.71
1168    12100000000.0    -3.79
1169    12150000000.0    -3.72
1170    12200000000.0    -3.77
1171    12250000000.0    -3.77
1172    12300000000.0    -3.72
1173    12350000000.0    -3.77
1174    12400000000.0    -3.71
1175    12450000000.0    -3.75
1176    12500000000.0    -3.75
1177    12550000000.0    -3.71
1178    12600000000.0    -3.75
1179    12650000000.0    -3.71
1180    12700000000.0    -3.71
1181    12750000000.0    -3.71
1182    12800000000.0    -3.71
1183    12850000000.0    -3.71
1184    12900000000.0    -3.71
1185    12950000000.0    -3.71
1186    13000000000.0    -3.71
1187    13050000000.0    -3.71
1188    13100000000.0    -3.71
1189    13150000000.0    -3.71
1190    13200000000.0    -3.74
1191    13250000000.0    -3.74
1192    13300000000.0    -3.74
1193    13350000000.0    -3.74
1194    13400000000.0    -3.74
1195    13450000000.0    -3.71
1196    13500000000.0    -3.71
1197    13500000000.1    -3.71
1198    13550000000.0    -3.71
1199    13600000000.0    -3.71
1200    13650000000.0    -3.71
1201    13700000000.0    -3.71
1202    13750000000.0    -3.71
1203    13800000000.0    -3.71
1204    13850000000.0    -3.71
1205    13900000000.0    -3.71
1206    13950000000.0    -3.71
1207    14000000000.0    -3.71
1208    14050000000.0    -3.71
1209    14100000000.0    -3.71
1210    14150000000.0    -3.71
1211    14200000000.0    -3.71
1212    14250000000.0    -3.71
1213    14300000000.0    -3.67
1214    14350000000.0    -3.67
1215    14400000000.0    -3.67
1216    14450000000.0    -3.67
1217    14500000000.0    -3.67
1218    14550000000.0    -3.67
1219    14600000000.0    -3.67
1220    14650000000.0    -3.67
1221    14700000000.0    -3.67
1222    14750000000.0    -3.67
1223    14800000000.0    -3.67
1224    14850000000.0    -3.67
1225    14900000000.0    -3.67
1226    14950000000.0    -3.67
1227    15000000000.0    -3.67
1228    50000000.0    -9.90
1229    100000000.0    -9.90
1230    150000000.0    -9.84
1231    200000000.0    -9.84
1232    250000000.0    -9.81
1233    300000000.0    -9.81
1234    350000000.0    -9.81
1235    400000000.0    -9.74
1236    450000000.0    -9.74
1237    500000000.0    -9.66
1238    550000000.0    -9.66
1239    600000000.0    -9.66
1240    650000000.0    -9.57
1241    700000000.0    -9.57
1242    750000000.0    -9.52
1243    800000000.0    -9.59
1244    850000000.0    -9.39
1245    900000000.0    -9.61
1246    950000000.0    -9.51
1247    1000000000.0    -9.30
1248    1050000000.0    -9.34
1249    1100000000.0    -9.46
1250    1150000000.0    -9.40
1251    1200000000.0    -9.17
1252    1250000000.0    -9.36
1253    1300000000.0    -9.36
1254    1350000000.0    -9.33
1255    1366250000.0    -9.37
1256    1366250000.1    -9.37
1257    1416250000.0    -9.25
1258    1466250000.0    -9.29
1259    1516250000.0    -9.29
1260    1566250000.0    -9.34
1261    1616250000.0    -9.34
1262    1666250000.0    -9.09
1263    1716250000.0    -9.53
1264    1766250000.0    -9.38
1265    1816250000.0    -9.14
1266    1866250000.0    -9.36
1267    1916250000.0    -9.51
1268    1966250000.0    -9.39
1269    2016250000.0    -9.09
1270    2066250000.0    -9.09
1271    2116250000.0    -9.06
1272    2166250000.0    -9.06
1273    2216250000.0    -9.06
1274    2266250000.0    -9.06
1275    2316250000.0    -9.03
1276    2366250000.0    -9.03
1277    2416250000.0    -9.03
1278    2466250000.0    -8.99
1279    2516250000.0    -8.99
1280    2566250000.0    -8.99
1281    2600000000.0    -8.99
1282    2600000000.1    -8.99
1283    2650000000.0    -8.99
1284    2700000000.0    -8.99
1285    2750000000.0    -8.99
1286    2800000000.0    -8.99
1287    2850000000.0    -8.95
1288    2900000000.0    -8.95
1289    2950000000.0    -8.95
1290    3000000000.0    -8.95
1291    3050000000.0    -8.95
1292    3100000000.0    -8.95
1293    3150000000.0    -8.95
1294    3200000000.0    -8.95
1295    3250000000.0    -9.26
1296    3300000000.0    -9.26
1297    3350000000.0    -9.26
1298    3400000000.0    -9.26
1299    3450000000.0    -9.26
1300    3500000000.0    -9.26
1301    3550000000.0    -9.26
1302    3600000000.0    -9.26
1303    3650000000.0    -9.26
1304    3700000000.0    -9.26
1305    3750000000.0    -9.26
1306    3800000000.0    -9.26
1307    3850000000.0    -9.22
1308    3900000000.0    -9.22
1309    3950000000.0    -9.22
1310    4000000000.0    -9.22
1311    4050000000.0    -9.22
1312    4100000000.0    -9.19
1313    4150000000.0    -9.19
1314    4200000000.0    -9.19
1315    4250000000.0    -9.19
1316    4300000000.0    -9.19
1317    4350000000.0    -9.19
1318    4400000000.0    -9.19
1319    4450000000.0    -9.16
1320    4500000000.0    -9.16
1321    4550000000.0    -9.16
1322    4600000000.0    -9.16
1323    4650000000.0    -9.16
1324    4700000000.0    -9.16
1325    4750000000.0    -9.12
1326    4800000000.0    -9.12
1327    4850000000.0    -9.12
1328    4900000000.0    -9.12
1329    4950000000.0    -9.12
1330    5000000000.0    -9.12
1331    5050000000.0    -9.12
1332    5100000000.0    -9.12
1333    5150000000.0    -9.09
1334    5200000000.0    -9.09
1335    5250000000.0    -9.09
1336    5300000000.0    -9.09
1337    5350000000.0    -9.09
1338    5400000000.0    -9.09
1339    5450000000.0    -9.09
1340    5500000000.0    -9.09
1341    5550000000.0    -9.09
1342    5600000000.0    -9.09
1343    5650000000.0    -9.05
1344    5700000000.0    -9.05
1345    5750000000.0    -9.05
1346    5800000000.0    -9.05
1347    5850000000.0    -9.05
1348    5900000000.0    -9.05
1349    5950000000.0    -9.05
1350    6000000000.0    -9.01
1351    6050000000.0    -9.01
1352    6100000000.0    -9.01
1353    6150000000.0    -9.01
1354    6200000000.0    -9.01
1355    6250000000.0    -9.01
1356    6300000000.0    -9.01
1357    6350000000.0    -9.01
1358    6400000000.0    -9.01
1359    6450000000.0    -9.01
1360    6500000000.0    -9.01
1361    6550000000.0    -9.01
1362    6600000000.0    -9.01
1363    6650000000.0    -9.01
1364    6700000000.0    -9.01
1365    6750000000.0    -9.01
1366    6800000000.0    -8.96
1367    6850000000.0    -8.96
1368    6900000000.0    -8.96
1369    6950000000.0    -8.96
1370    7000000000.0    -8.96
1371    7050000000.0    -8.96
1372    7100000000.0    -8.96
1373    7150000000.0    -8.96
1374    7200000000.0    -8.96
1375    7200000000.1    -8.96
1376    7250000000.0    -8.99
1377    7300000000.0    -8.99
1378    7350000000.0    -8.99
1379    7400000000.0    -8.95
1380    7450000000.0    -8.95
1381    7500000000.0    -8.95
1382    7550000000.0    -8.95
1383    7600000000.0    -8.95
1384    7650000000.0    -8.95
1385    7700000000.0    -8.92
1386    7750000000.0    -8.88
1387    7800000000.0    -8.88
1388    7850000000.0    -8.88
1389    7900000000.0    -8.88
1390    7950000000.0    -8.88
1391    8000000000.0    -8.88
1392    8050000000.0    -8.88
1393    8100000000.0    -8.88
1394    8150000000.0    -8.88
1395    8200000000.0    -8.92
1396    8250000000.0    -8.92
1397    8300000000.0    -8.92
1398    8350000000.0    -8.88
1399    8400000000.0    -8.88
1400    8450000000.0    -8.88
1401    8500000000.0    -8.88
1402    8550000000.0    -8.88
1403    8600000000.0    -8.88
1404    8650000000.0    -8.88
1405    8700000000.0    -8.88
1406    8750000000.0    -8.85
1407    8800000000.0    -8.85
1408    8850000000.0    -8.85
1409    8900000000.0    -8.85
1410    8950000000.0    -8.85
1411    9000000000.0    -8.85
1412    9050000000.0    -8.81
1413    9100000000.0    -8.81
1414    9150000000.0    -8.76
1415    9200000000.0    -8.82
1416    9250000000.0    -8.78
1417    9300000000.0    -8.78
1418    9350000000.0    -8.78
1419    9400000000.0    -8.78
1420    9450000000.0    -8.83
1421    9500000000.0    -8.83
1422    9500000000.1    -8.83
1423    9550000000.0    -8.83
1424    9600000000.0    -8.83
1425    9650000000.0    -8.83
1426    9700000000.0    -8.83
1427    9750000000.0    -8.83
1428    9800000000.0    -8.79
1429    9850000000.0    -8.79
1430    9900000000.0    -8.79
1431    9950000000.0    -8.79
1432    10000000000.0    -8.79
1433    10050000000.0    -8.79
1434    10100000000.0    -8.79
1435    10150000000.0    -8.79
1436    10200000000.0    -8.79
1437    10250000000.0    -8.79
1438    10300000000.0    -8.79
1439    10350000000.0    -8.74
1440    10400000000.0    -8.74
1441    10450000000.0    -8.74
1442    10500000000.0    -8.74
1443    10550000000.0    -8.78
1444    10600000000.0    -8.78
1445    10650000000.0    -8.78
1446    10700000000.0    -8.75
1447    10750000000.0    -8.75
1448    10800000000.0    -8.75
1449    10850000000.0    -8.75
1450    10900000000.0    -8.75
1451    10950000000.0    -8.75
1452    11000000000.0    -8.75
1453    11050000000.0    -8.75
1454    11100000000.0    -8.75
1455    11150000000.0    -8.75
1456    11200000000.0    -8.75
1457    11250000000.0    -8.75
1458    11300000000.0    -8.75
1459    11350000000.0    -8.75
1460    11400000000.0    -8.75
1461    11450000000.0    -8.75
1462    11500000000.0    -8.75
1463    11500000000.1    -8.75
1464    11550000000.0    -8.75
1465    11600000000.0    -8.81
1466    11650000000.0    -8.81
1467    11700000000.0    -8.81
1468    11750000000.0    -8.76
1469    11800000000.0    -8.76
1470    11850000000.0    -8.76
1471    11900000000.0    -8.71
1472    11950000000.0    -8.71
1473    12000000000.0    -8.71
1474    12050000000.0    -8.66
1475    12100000000.0    -8.71
1476    12150000000.0    -8.65
1477    12200000000.0    -8.68
1478    12250000000.0    -8.68
1479    12300000000.0    -8.61
1480    12350000000.0    -8.66
1481    12400000000.0    -8.59
1482    12450000000.0    -8.65
1483    12500000000.0    -8.62
1484    12550000000.0    -8.62
1485    12600000000.0    -8.68
1486    12650000000.0    -8.68
1487    12700000000.0    -8.68
1488    12750000000.0    -8.68
1489    12800000000.0    -8.64
1490    12850000000.0    -8.64
1491    12900000000.0    -8.64
1492    12950000000.0    -8.64
1493    13000000000.0    -8.64
1494    13050000000.0    -8.64
1495    13100000000.0    -8.64
1496    13150000000.0    -8.64
1497    13200000000.0    -8.70
1498    13250000000.0    -8.70
1499    13300000000.0    -8.70
1500    13350000000.0    -8.66
1501    13400000000.0    -8.66
1502    13450000000.0    -8.61
1503    13500000000.0    -8.61
1504    13500000000.1    -8.61
1505    13550000000.0    -8.61
1506    13600000000.0    -8.61
1507    13650000000.0    -8.61
1508    13700000000.0    -8.61
1509    13750000000.0    -8.61
1510    13800000000.0    -8.61
1511    13850000000.0    -8.61
1512    13900000000.0    -8.61
1513    13950000000.0    -8.61
1514    14000000000.0    -8.65
1515    14050000000.0    -8.65
1516    14100000000.0    -8.65
1517    14150000000.0    -8.61
1518    14200000000.0    -8.61
1519    14250000000.0    -8.61
1520    14300000000.0    -8.61
1521    14350000000.0    -8.61
1522    14400000000.0    -8.61
1523    14450000000.0    -8.61
1524    14500000000.0    -8.61
1525    14550000000.0    -8.61
1526    14600000000.0    -8.61
1527    14650000000.0    -8.61
1528    14700000000.0    -8.61
1529    14750000000.0    -8.61
1530    14800000000.0    -8.61
1531    14850000000.0    -8.61
1532    14900000000.0    -8.58
1533    14950000000.0    -8.58
1534    15000000000.0    -8.58
1535    50000000.0    -14.93
1536    100000000.0    -14.93
1537    150000000.0    -14.88
1538    200000000.0    -14.88
1539    250000000.0    -14.84
1540    300000000.0    -14.84
1541    350000000.0    -14.84
1542    400000000.0    -14.78
1543    450000000.0    -14.78
1544    500000000.0    -14.72
1545    550000000.0    -14.72
1546    600000000.0    -14.72
1547    650000000.0    -14.65
1548    700000000.0    -14.65
1549    750000000.0    -14.65
1550    800000000.0    -14.70
1551    850000000.0    -14.52
1552    900000000.0    -14.75
1553    950000000.0    -14.66
1554    1000000000.0    -14.43
1555    1050000000.0    -14.49
1556    1100000000.0    -14.63
1557    1150000000.0    -14.57
1558    1200000000.0    -14.35
1559    1250000000.0    -14.55
1560    1300000000.0    -14.55
1561    1350000000.0    -14.52
1562    1366250000.0    -14.57
1563    1366250000.1    -14.57
1564    1416250000.0    -14.44
1565    1466250000.0    -14.50
1566    1516250000.0    -14.50
1567    1566250000.0    -14.58
1568    1616250000.0    -14.58
1569    1666250000.0    -14.29
1570    1716250000.0    -14.75
1571    1766250000.0    -14.58
1572    1816250000.0    -14.34
1573    1866250000.0    -14.55
1574    1916250000.0    -14.72
1575    1966250000.0    -14.57
1576    2016250000.0    -14.27
1577    2066250000.0    -14.27
1578    2116250000.0    -14.27
1579    2166250000.0    -14.27
1580    2216250000.0    -14.23
1581    2266250000.0    -14.23
1582    2316250000.0    -14.23
1583    2366250000.0    -14.23
1584    2416250000.0    -14.23
1585    2466250000.0    -14.23
1586    2516250000.0    -14.23
1587    2566250000.0    -14.20
1588    2600000000.0    -14.20
1589    2600000000.1    -14.20
1590    2650000000.0    -14.20
1591    2700000000.0    -14.20
1592    2750000000.0    -14.20
1593    2800000000.0    -14.20
1594    2850000000.0    -14.16
1595    2900000000.0    -14.16
1596    2950000000.0    -14.16
1597    3000000000.0    -14.16
1598    3050000000.0    -14.16
1599    3100000000.0    -14.16
1600    3150000000.0    -14.16
1601    3200000000.0    -14.13
1602    3250000000.0    -14.32
1603    3300000000.0    -14.32
1604    3350000000.0    -14.32
1605    3400000000.0    -14.32
1606    3450000000.0    -14.32
1607    3500000000.0    -14.29
1608    3550000000.0    -14.29
1609    3600000000.0    -14.29
1610    3650000000.0    -14.29
1611    3700000000.0    -14.29
1612    3750000000.0    -14.29
1613    3800000000.0    -14.29
1614    3850000000.0    -14.29
1615    3900000000.0    -14.25
1616    3950000000.0    -14.25
1617    4000000000.0    -14.25
1618    4050000000.0    -14.25
1619    4100000000.0    -14.25
1620    4150000000.0    -14.21
1621    4200000000.0    -14.21
1622    4250000000.0    -14.21
1623    4300000000.0    -14.21
1624    4350000000.0    -14.21
1625    4400000000.0    -14.21
1626    4450000000.0    -14.21
1627    4500000000.0    -14.18
1628    4550000000.0    -14.18
1629    4600000000.0    -14.18
1630    4650000000.0    -14.18
1631    4700000000.0    -14.18
1632    4750000000.0    -14.18
1633    4800000000.0    -14.18
1634    4850000000.0    -14.18
1635    4900000000.0    -14.18
1636    4950000000.0    -14.18
1637    5000000000.0    -14.18
1638    5050000000.0    -14.18
1639    5100000000.0    -14.18
1640    5150000000.0    -14.14
1641    5200000000.0    -14.14
1642    5250000000.0    -14.14
1643    5300000000.0    -14.14
1644    5350000000.0    -14.14
1645    5400000000.0    -14.14
1646    5450000000.0    -14.14
1647    5500000000.0    -14.14
1648    5550000000.0    -14.10
1649    5600000000.0    -14.10
1650    5650000000.0    -14.10
1651    5700000000.0    -14.10
1652    5750000000.0    -14.10
1653    5800000000.0    -14.10
1654    5850000000.0    -14.06
1655    5900000000.0    -14.06
1656    5950000000.0    -14.06
1657    6000000000.0    -14.06
1658    6050000000.0    -14.06
1659    6100000000.0    -14.06
1660    6150000000.0    -14.06
1661    6200000000.0    -14.06
1662    6250000000.0    -14.06
1663    6300000000.0    -14.06
1664    6350000000.0    -14.06
1665    6400000000.0    -14.06
1666    6450000000.0    -14.06
1667    6500000000.0    -14.06
1668    6550000000.0    -14.06
1669    6600000000.0    -14.06
1670    6650000000.0    -14.06
1671    6700000000.0    -14.06
1672    6750000000.0    -14.06
1673    6800000000.0    -14.01
1674    6850000000.0    -14.01
1675    6900000000.0    -14.01
1676    6950000000.0    -14.01
1677    7000000000.0    -14.01
1678    7050000000.0    -14.01
1679    7100000000.0    -14.01
1680    7150000000.0    -14.01
1681    7200000000.0    -14.01
1682    7200000000.1    -14.01
1683    7250000000.0    -14.01
1684    7300000000.0    -14.01
1685    7350000000.0    -14.01
1686    7400000000.0    -14.01
1687    7450000000.0    -14.01
1688    7500000000.0    -14.01
1689    7550000000.0    -14.01
1690    7600000000.0    -14.01
1691    7650000000.0    -13.98
1692    7700000000.0    -13.98
1693    7750000000.0    -13.94
1694    7800000000.0    -13.94
1695    7850000000.0    -13.94
1696    7900000000.0    -13.94
1697    7950000000.0    -13.94
1698    8000000000.0    -13.94
1699    8050000000.0    -13.94
1700    8100000000.0    -13.94
1701    8150000000.0    -13.94
1702    8200000000.0    -13.94
1703    8250000000.0    -13.94
1704    8300000000.0    -13.94
1705    8350000000.0    -13.94
1706    8400000000.0    -13.94
1707    8450000000.0    -13.94
1708    8500000000.0    -13.94
1709    8550000000.0    -13.94
1710    8600000000.0    -13.94
1711    8650000000.0    -13.94
1712    8700000000.0    -13.94
1713    8750000000.0    -13.90
1714    8800000000.0    -13.90
1715    8850000000.0    -13.90
1716    8900000000.0    -13.90
1717    8950000000.0    -13.90
1718    9000000000.0    -13.90
1719    9050000000.0    -13.90
1720    9100000000.0    -13.90
1721    9150000000.0    -13.84
1722    9200000000.0    -13.88
1723    9250000000.0    -13.85
1724    9300000000.0    -13.85
1725    9350000000.0    -13.85
1726    9400000000.0    -13.85
1727    9450000000.0    -13.88
1728    9500000000.0    -13.88
1729    9500000000.1    -13.88
1730    9550000000.0    -13.88
1731    9600000000.0    -13.88
1732    9650000000.0    -13.88
1733    9700000000.0    -13.88
1734    9750000000.0    -13.88
1735    9800000000.0    -13.88
1736    9850000000.0    -13.88
1737    9900000000.0    -13.88
1738    9950000000.0    -13.88
1739    10000000000.0    -13.88
1740    10050000000.0    -13.84
1741    10100000000.0    -13.84
1742    10150000000.0    -13.84
1743    10200000000.0    -13.84
1744    10250000000.0    -13.84
1745    10300000000.0    -13.84
1746    10350000000.0    -13.84
1747    10400000000.0    -13.84
1748    10450000000.0    -13.84
1749    10500000000.0    -13.84
1750    10550000000.0    -13.84
1751    10600000000.0    -13.80
1752    10650000000.0    -13.80
1753    10700000000.0    -13.80
1754    10750000000.0    -13.80
1755    10800000000.0    -13.80
1756    10850000000.0    -13.80
1757    10900000000.0    -13.80
1758    10950000000.0    -13.80
1759    11000000000.0    -13.80
1760    11050000000.0    -13.80
1761    11100000000.0    -13.80
1762    11150000000.0    -13.84
1763    11200000000.0    -13.84
1764    11250000000.0    -13.84
1765    11300000000.0    -13.84
1766    11350000000.0    -13.84
1767    11400000000.0    -13.84
1768    11450000000.0    -13.87
1769    11500000000.0    -13.83
1770    11500000000.1    -13.83
1771    11550000000.0    -13.83
1772    11600000000.0    -13.83
1773    11650000000.0    -13.83
1774    11700000000.0    -13.83
1775    11750000000.0    -13.83
1776    11800000000.0    -13.83
1777    11850000000.0    -13.83
1778    11900000000.0    -13.77
1779    11950000000.0    -13.77
1780    12000000000.0    -13.77
1781    12050000000.0    -13.72
1782    12100000000.0    -13.78
1783    12150000000.0    -13.71
1784    12200000000.0    -13.76
1785    12250000000.0    -13.76
1786    12300000000.0    -13.71
1787    12350000000.0    -13.78
1788    12400000000.0    -13.71
1789    12450000000.0    -13.76
1790    12500000000.0    -13.76
1791    12550000000.0    -13.76
1792    12600000000.0    -13.76
1793    12650000000.0    -13.76
1794    12700000000.0    -13.76
1795    12750000000.0    -13.73
1796    12800000000.0    -13.73
1797    12850000000.0    -13.73
1798    12900000000.0    -13.73
1799    12950000000.0    -13.73
1800    13000000000.0    -13.73
1801    13050000000.0    -13.73
1802    13100000000.0    -13.73
1803    13150000000.0    -13.73
1804    13200000000.0    -13.73
1805    13250000000.0    -13.73
1806    13300000000.0    -13.73
1807    13350000000.0    -13.73
1808    13400000000.0    -13.73
1809    13450000000.0    -13.69
1810    13500000000.0    -13.69
1811    13500000000.1    -13.69
1812    13550000000.0    -13.69
1813    13600000000.0    -13.69
1814    13650000000.0    -13.69
1815    13700000000.0    -13.69
1816    13750000000.0    -13.69
1817    13800000000.0    -13.69
1818    13850000000.0    -13.69
1819    13900000000.0    -13.69
1820    13950000000.0    -13.69
1821    14000000000.0    -13.69
1822    14050000000.0    -13.69
1823    14100000000.0    -13.69
1824    14150000000.0    -13.69
1825    14200000000.0    -13.69
1826    14250000000.0    -13.69
1827    14300000000.0    -13.65
1828    14350000000.0    -13.65
1829    14400000000.0    -13.65
1830    14450000000.0    -13.65
1831    14500000000.0    -13.65
1832    14550000000.0    -13.65
1833    14600000000.0    -13.65
1834    14650000000.0    -13.68
1835    14700000000.0    -13.68
1836    14750000000.0    -13.68
1837    14800000000.0    -13.68
1838    14850000000.0    -13.68
1839    14900000000.0    -13.68
1840    14950000000.0    -13.68
1841    15000000000.0    -13.68
1842    50000000.0    -19.88
1843    100000000.0    -19.88
1844    150000000.0    -19.83
1845    200000000.0    -19.83
1846    250000000.0    -19.78
1847    300000000.0    -19.78
1848    350000000.0    -19.74
1849    400000000.0    -19.74
1850    450000000.0    -19.74
1851    500000000.0    -19.64
1852    550000000.0    -19.64
1853    600000000.0    -19.64
1854    650000000.0    -19.58
1855    700000000.0    -19.58
1856    750000000.0    -19.53
1857    800000000.0    -19.59
1858    850000000.0    -19.41
1859    900000000.0    -19.61
1860    950000000.0    -19.51
1861    1000000000.0    -19.31
1862    1050000000.0    -19.31
1863    1100000000.0    -19.45
1864    1150000000.0    -19.38
1865    1200000000.0    -19.17
1866    1250000000.0    -19.33
1867    1300000000.0    -19.33
1868    1350000000.0    -19.33
1869    1366250000.0    -19.38
1870    1366250000.1    -19.38
1871    1416250000.0    -19.25
1872    1466250000.0    -19.28
1873    1516250000.0    -19.28
1874    1566250000.0    -19.34
1875    1616250000.0    -19.34
1876    1666250000.0    -19.06
1877    1716250000.0    -19.51
1878    1766250000.0    -19.36
1879    1816250000.0    -19.11
1880    1866250000.0    -19.33
1881    1916250000.0    -19.47
1882    1966250000.0    -19.37
1883    2016250000.0    -19.08
1884    2066250000.0    -19.08
1885    2116250000.0    -19.08
1886    2166250000.0    -19.05
1887    2216250000.0    -19.05
1888    2266250000.0    -19.05
1889    2316250000.0    -19.02
1890    2366250000.0    -19.02
1891    2416250000.0    -19.02
1892    2466250000.0    -19.02
1893    2516250000.0    -19.02
1894    2566250000.0    -18.99
1895    2600000000.0    -18.99
1896    2600000000.1    -18.99
1897    2650000000.0    -18.99
1898    2700000000.0    -18.99
1899    2750000000.0    -18.99
1900    2800000000.0    -18.99
1901    2850000000.0    -18.99
1902    2900000000.0    -18.99
1903    2950000000.0    -18.95
1904    3000000000.0    -18.95
1905    3050000000.0    -18.95
1906    3100000000.0    -18.95
1907    3150000000.0    -18.95
1908    3200000000.0    -18.95
1909    3250000000.0    -19.33
1910    3300000000.0    -19.33
1911    3350000000.0    -19.33
1912    3400000000.0    -19.28
1913    3450000000.0    -19.28
1914    3500000000.0    -19.32
1915    3550000000.0    -19.32
1916    3600000000.0    -19.26
1917    3650000000.0    -19.26
1918    3700000000.0    -19.26
1919    3750000000.0    -19.26
1920    3800000000.0    -19.26
1921    3850000000.0    -19.26
1922    3900000000.0    -19.26
1923    3950000000.0    -19.26
1924    4000000000.0    -19.26
1925    4050000000.0    -19.22
1926    4100000000.0    -19.22
1927    4150000000.0    -19.19
1928    4200000000.0    -19.19
1929    4250000000.0    -19.19
1930    4300000000.0    -19.19
1931    4350000000.0    -19.19
1932    4400000000.0    -19.19
1933    4450000000.0    -19.19
1934    4500000000.0    -19.19
1935    4550000000.0    -19.19
1936    4600000000.0    -19.19
1937    4650000000.0    -19.19
1938    4700000000.0    -19.15
1939    4750000000.0    -19.15
1940    4800000000.0    -19.15
1941    4850000000.0    -19.15
1942    4900000000.0    -19.15
1943    4950000000.0    -19.15
1944    5000000000.0    -19.15
1945    5050000000.0    -19.15
1946    5100000000.0    -19.15
1947    5150000000.0    -19.15
1948    5200000000.0    -19.15
1949    5250000000.0    -19.11
1950    5300000000.0    -19.11
1951    5350000000.0    -19.11
1952    5400000000.0    -19.11
1953    5450000000.0    -19.08
1954    5500000000.0    -19.08
1955    5550000000.0    -19.08
1956    5600000000.0    -19.08
1957    5650000000.0    -19.08
1958    5700000000.0    -19.08
1959    5750000000.0    -19.04
1960    5800000000.0    -19.04
1961    5850000000.0    -19.04
1962    5900000000.0    -19.04
1963    5950000000.0    -19.04
1964    6000000000.0    -19.04
1965    6050000000.0    -19.04
1966    6100000000.0    -19.04
1967    6150000000.0    -19.04
1968    6200000000.0    -19.00
1969    6250000000.0    -19.00
1970    6300000000.0    -19.03
1971    6350000000.0    -19.03
1972    6400000000.0    -19.03
1973    6450000000.0    -19.00
1974    6500000000.0    -19.00
1975    6550000000.0    -19.00
1976    6600000000.0    -19.04
1977    6650000000.0    -19.04
1978    6700000000.0    -19.04
1979    6750000000.0    -19.00
1980    6800000000.0    -18.94
1981    6850000000.0    -18.97
1982    6900000000.0    -18.97
1983    6950000000.0    -18.97
1984    7000000000.0    -19.01
1985    7050000000.0    -19.01
1986    7100000000.0    -19.01
1987    7150000000.0    -19.01
1988    7200000000.0    -19.01
1989    7200000000.1    -19.01
1990    7250000000.0    -19.01
1991    7300000000.0    -19.01
1992    7350000000.0    -19.01
1993    7400000000.0    -18.96
1994    7450000000.0    -18.96
1995    7500000000.0    -18.96
1996    7550000000.0    -18.96
1997    7600000000.0    -18.91
1998    7650000000.0    -18.91
1999    7700000000.0    -18.91
2000    7750000000.0    -18.91
2001    7800000000.0    -18.91
2002    7850000000.0    -18.91
2003    7900000000.0    -18.91
2004    7950000000.0    -18.91
2005    8000000000.0    -18.91
2006    8050000000.0    -18.91
2007    8100000000.0    -18.91
2008    8150000000.0    -18.91
2009    8200000000.0    -18.91
2010    8250000000.0    -18.91
2011    8300000000.0    -18.91
2012    8350000000.0    -18.88
2013    8400000000.0    -18.83
2014    8450000000.0    -18.83
2015    8500000000.0    -18.83
2016    8550000000.0    -18.83
2017    8600000000.0    -18.80
2018    8650000000.0    -18.80
2019    8700000000.0    -18.86
2020    8750000000.0    -18.86
2021    8800000000.0    -18.82
2022    8850000000.0    -18.82
2023    8900000000.0    -18.85
2024    8950000000.0    -18.85
2025    9000000000.0    -18.80
2026    9050000000.0    -18.80
2027    9100000000.0    -18.80
2028    9150000000.0    -18.76
2029    9200000000.0    -18.80
2030    9250000000.0    -18.80
2031    9300000000.0    -18.80
2032    9350000000.0    -18.80
2033    9400000000.0    -18.75
2034    9450000000.0    -18.80
2035    9500000000.0    -18.80
2036    9500000000.1    -18.80
2037    9550000000.0    -18.80
2038    9600000000.0    -18.84
2039    9650000000.0    -18.84
2040    9700000000.0    -18.80
2041    9750000000.0    -18.80
2042    9800000000.0    -18.80
2043    9850000000.0    -18.80
2044    9900000000.0    -18.80
2045    9950000000.0    -18.80
2046    10000000000.0    -18.80
2047    10050000000.0    -18.77
2048    10100000000.0    -18.77
2049    10150000000.0    -18.77
2050    10200000000.0    -18.77
2051    10250000000.0    -18.77
2052    10300000000.0    -18.77
2053    10350000000.0    -18.77
2054    10400000000.0    -18.77
2055    10450000000.0    -18.73
2056    10500000000.0    -18.73
2057    10550000000.0    -18.73
2058    10600000000.0    -18.73
2059    10650000000.0    -18.73
2060    10700000000.0    -18.73
2061    10750000000.0    -18.73
2062    10800000000.0    -18.73
2063    10850000000.0    -18.73
2064    10900000000.0    -18.73
2065    10950000000.0    -18.70
2066    11000000000.0    -18.70
2067    11050000000.0    -18.70
2068    11100000000.0    -18.70
2069    11150000000.0    -18.70
2070    11200000000.0    -18.74
2071    11250000000.0    -18.74
2072    11300000000.0    -18.74
2073    11350000000.0    -18.74
2074    11400000000.0    -18.74
2075    11450000000.0    -18.74
2076    11500000000.0    -18.74
2077    11500000000.1    -18.74
2078    11550000000.0    -18.74
2079    11600000000.0    -18.74
2080    11650000000.0    -18.74
2081    11700000000.0    -18.79
2082    11750000000.0    -18.74
2083    11800000000.0    -18.69
2084    11850000000.0    -18.69
2085    11900000000.0    -18.69
2086    11950000000.0    -18.69
2087    12000000000.0    -18.69
2088    12050000000.0    -18.64
2089    12100000000.0    -18.68
2090    12150000000.0    -18.63
2091    12200000000.0    -18.67
2092    12250000000.0    -18.63
2093    12300000000.0    -18.58
2094    12350000000.0    -18.61
2095    12400000000.0    -18.53
2096    12450000000.0    -18.60
2097    12500000000.0    -18.60
2098    12550000000.0    -18.60
2099    12600000000.0    -18.60
2100    12650000000.0    -18.60
2101    12700000000.0    -18.60
2102    12750000000.0    -18.60
2103    12800000000.0    -18.60
2104    12850000000.0    -18.60
2105    12900000000.0    -18.60
2106    12950000000.0    -18.60
2107    13000000000.0    -18.60
2108    13050000000.0    -18.60
2109    13100000000.0    -18.60
2110    13150000000.0    -18.60
2111    13200000000.0    -18.65
2112    13250000000.0    -18.65
2113    13300000000.0    -18.65
2114    13350000000.0    -18.62
2115    13400000000.0    -18.58
2116    13450000000.0    -18.58
2117    13500000000.0    -18.58
2118    13500000000.1    -18.58
2119    13550000000.0    -18.58
2120    13600000000.0    -18.58
2121    13650000000.0    -18.58
2122    13700000000.0    -18.58
2123    13750000000.0    -18.58
2124    13800000000.0    -18.58
2125    13850000000.0    -18.58
2126    13900000000.0    -18.58
2127    13950000000.0    -18.58
2128    14000000000.0    -18.58
2129    14050000000.0    -18.58
2130    14100000000.0    -18.58
2131    14150000000.0    -18.58
2132    14200000000.0    -18.58
2133    14250000000.0    -18.58
2134    14300000000.0    -18.58
2135    14350000000.0    -18.58
2136    14400000000.0    -18.58
2137    14450000000.0    -18.58
2138    14500000000.0    -18.58
2139    14550000000.0    -18.58
2140    14600000000.0    -18.58
2141    14650000000.0    -18.58
2142    14700000000.0    -18.58
2143    14750000000.0    -18.58
2144    14800000000.0    -18.54
2145    14850000000.0    -18.54
2146    14900000000.0    -18.54
2147    14950000000.0    -18.54
2148    15000000000.0    -18.54
2149    50000000.0    -24.93
2150    100000000.0    -24.93
2151    150000000.0    -24.88
2152    200000000.0    -24.88
2153    250000000.0    -24.84
2154    300000000.0    -24.84
2155    350000000.0    -24.80
2156    400000000.0    -24.80
2157    450000000.0    -24.80
2158    500000000.0    -24.72
2159    550000000.0    -24.72
2160    600000000.0    -24.72
2161    650000000.0    -24.68
2162    700000000.0    -24.68
2163    750000000.0    -24.68
2164    800000000.0    -24.72
2165    850000000.0    -24.55
2166    900000000.0    -24.75
2167    950000000.0    -24.67
2168    1000000000.0    -24.46
2169    1050000000.0    -24.46
2170    1100000000.0    -24.62
2171    1150000000.0    -24.57
2172    1200000000.0    -24.38
2173    1250000000.0    -24.53
2174    1300000000.0    -24.53
2175    1350000000.0    -24.53
2176    1366250000.0    -24.58
2177    1366250000.1    -24.58
2178    1416250000.0    -24.45
2179    1466250000.0    -24.50
2180    1516250000.0    -24.50
2181    1566250000.0    -24.56
2182    1616250000.0    -24.56
2183    1666250000.0    -24.28
2184    1716250000.0    -24.73
2185    1766250000.0    -24.59
2186    1816250000.0    -24.33
2187    1866250000.0    -24.53
2188    1916250000.0    -24.69
2189    1966250000.0    -24.57
2190    2016250000.0    -24.29
2191    2066250000.0    -24.29
2192    2116250000.0    -24.29
2193    2166250000.0    -24.29
2194    2216250000.0    -24.25
2195    2266250000.0    -24.25
2196    2316250000.0    -24.25
2197    2366250000.0    -24.25
2198    2416250000.0    -24.25
2199    2466250000.0    -24.25
2200    2516250000.0    -24.25
2201    2566250000.0    -24.25
2202    2600000000.0    -24.25
2203    2600000000.1    -24.25
2204    2650000000.0    -24.25
2205    2700000000.0    -24.25
2206    2750000000.0    -24.21
2207    2800000000.0    -24.21
2208    2850000000.0    -24.21
2209    2900000000.0    -24.21
2210    2950000000.0    -24.21
2211    3000000000.0    -24.21
2212    3050000000.0    -24.21
2213    3100000000.0    -24.21
2214    3150000000.0    -24.21
2215    3200000000.0    -24.18
2216    3250000000.0    -24.41
2217    3300000000.0    -24.41
2218    3350000000.0    -24.38
2219    3400000000.0    -24.38
2220    3450000000.0    -24.38
2221    3500000000.0    -24.38
2222    3550000000.0    -24.35
2223    3600000000.0    -24.31
2224    3650000000.0    -24.31
2225    3700000000.0    -24.31
2226    3750000000.0    -24.31
2227    3800000000.0    -24.31
2228    3850000000.0    -24.31
2229    3900000000.0    -24.31
2230    3950000000.0    -24.31
2231    4000000000.0    -24.31
2232    4050000000.0    -24.31
2233    4100000000.0    -24.26
2234    4150000000.0    -24.26
2235    4200000000.0    -24.26
2236    4250000000.0    -24.26
2237    4300000000.0    -24.26
2238    4350000000.0    -24.26
2239    4400000000.0    -24.26
2240    4450000000.0    -24.26
2241    4500000000.0    -24.26
2242    4550000000.0    -24.26
2243    4600000000.0    -24.26
2244    4650000000.0    -24.26
2245    4700000000.0    -24.21
2246    4750000000.0    -24.21
2247    4800000000.0    -24.21
2248    4850000000.0    -24.21
2249    4900000000.0    -24.21
2250    4950000000.0    -24.21
2251    5000000000.0    -24.21
2252    5050000000.0    -24.21
2253    5100000000.0    -24.21
2254    5150000000.0    -24.21
2255    5200000000.0    -24.21
2256    5250000000.0    -24.21
2257    5300000000.0    -24.21
2258    5350000000.0    -24.17
2259    5400000000.0    -24.17
2260    5450000000.0    -24.17
2261    5500000000.0    -24.17
2262    5550000000.0    -24.13
2263    5600000000.0    -24.13
2264    5650000000.0    -24.13
2265    5700000000.0    -24.13
2266    5750000000.0    -24.13
2267    5800000000.0    -24.09
2268    5850000000.0    -24.09
2269    5900000000.0    -24.09
2270    5950000000.0    -24.09
2271    6000000000.0    -24.09
2272    6050000000.0    -24.09
2273    6100000000.0    -24.09
2274    6150000000.0    -24.09
2275    6200000000.0    -24.05
2276    6250000000.0    -24.05
2277    6300000000.0    -24.10
2278    6350000000.0    -24.10
2279    6400000000.0    -24.10
2280    6450000000.0    -24.06
2281    6500000000.0    -24.06
2282    6550000000.0    -24.06
2283    6600000000.0    -24.06
2284    6650000000.0    -24.06
2285    6700000000.0    -24.06
2286    6750000000.0    -24.06
2287    6800000000.0    -24.01
2288    6850000000.0    -24.04
2289    6900000000.0    -24.04
2290    6950000000.0    -24.04
2291    7000000000.0    -24.04
2292    7050000000.0    -24.04
2293    7100000000.0    -24.04
2294    7150000000.0    -24.04
2295    7200000000.0    -24.04
2296    7200000000.1    -24.04
2297    7250000000.0    -24.04
2298    7300000000.0    -24.04
2299    7350000000.0    -24.04
2300    7400000000.0    -24.04
2301    7450000000.0    -24.04
2302    7500000000.0    -24.04
2303    7550000000.0    -24.04
2304    7600000000.0    -23.98
2305    7650000000.0    -23.98
2306    7700000000.0    -23.98
2307    7750000000.0    -23.98
2308    7800000000.0    -23.98
2309    7850000000.0    -23.98
2310    7900000000.0    -23.98
2311    7950000000.0    -23.95
2312    8000000000.0    -23.95
2313    8050000000.0    -23.95
2314    8100000000.0    -23.95
2315    8150000000.0    -23.95
2316    8200000000.0    -23.95
2317    8250000000.0    -23.95
2318    8300000000.0    -23.98
2319    8350000000.0    -23.95
2320    8400000000.0    -23.91
2321    8450000000.0    -23.91
2322    8500000000.0    -23.91
2323    8550000000.0    -23.91
2324    8600000000.0    -23.87
2325    8650000000.0    -23.87
2326    8700000000.0    -23.93
2327    8750000000.0    -23.93
2328    8800000000.0    -23.93
2329    8850000000.0    -23.93
2330    8900000000.0    -23.93
2331    8950000000.0    -23.93
2332    9000000000.0    -23.88
2333    9050000000.0    -23.88
2334    9100000000.0    -23.88
2335    9150000000.0    -23.83
2336    9200000000.0    -23.87
2337    9250000000.0    -23.87
2338    9300000000.0    -23.87
2339    9350000000.0    -23.87
2340    9400000000.0    -23.83
2341    9450000000.0    -23.86
2342    9500000000.0    -23.86
2343    9500000000.1    -23.86
2344    9550000000.0    -23.86
2345    9600000000.0    -23.89
2346    9650000000.0    -23.89
2347    9700000000.0    -23.89
2348    9750000000.0    -23.89
2349    9800000000.0    -23.89
2350    9850000000.0    -23.89
2351    9900000000.0    -23.89
2352    9950000000.0    -23.85
2353    10000000000.0    -23.85
2354    10050000000.0    -23.85
2355    10100000000.0    -23.85
2356    10150000000.0    -23.85
2357    10200000000.0    -23.82
2358    10250000000.0    -23.82
2359    10300000000.0    -23.82
2360    10350000000.0    -23.82
2361    10400000000.0    -23.82
2362    10450000000.0    -23.82
2363    10500000000.0    -23.77
2364    10550000000.0    -23.77
2365    10600000000.0    -23.77
2366    10650000000.0    -23.77
2367    10700000000.0    -23.77
2368    10750000000.0    -23.77
2369    10800000000.0    -23.77
2370    10850000000.0    -23.77
2371    10900000000.0    -23.77
2372    10950000000.0    -23.77
2373    11000000000.0    -23.77
2374    11050000000.0    -23.77
2375    11100000000.0    -23.77
2376    11150000000.0    -23.77
2377    11200000000.0    -23.81
2378    11250000000.0    -23.81
2379    11300000000.0    -23.84
2380    11350000000.0    -23.84
2381    11400000000.0    -23.84
2382    11450000000.0    -23.84
2383    11500000000.0    -23.84
2384    11500000000.1    -23.84
2385    11550000000.0    -23.84
2386    11600000000.0    -23.84
2387    11650000000.0    -23.84
2388    11700000000.0    -23.84
2389    11750000000.0    -23.80
2390    11800000000.0    -23.77
2391    11850000000.0    -23.77
2392    11900000000.0    -23.77
2393    11950000000.0    -23.77
2394    12000000000.0    -23.80
2395    12050000000.0    -23.72
2396    12100000000.0    -23.72
2397    12150000000.0    -23.72
2398    12200000000.0    -23.72
2399    12250000000.0    -23.72
2400    12300000000.0    -23.67
2401    12350000000.0    -23.72
2402    12400000000.0    -23.64
2403    12450000000.0    -23.72
2404    12500000000.0    -23.72
2405    12550000000.0    -23.72
2406    12600000000.0    -23.72
2407    12650000000.0    -23.67
2408    12700000000.0    -23.67
2409    12750000000.0    -23.67
2410    12800000000.0    -23.67
2411    12850000000.0    -23.67
2412    12900000000.0    -23.67
2413    12950000000.0    -23.67
2414    13000000000.0    -23.67
2415    13050000000.0    -23.67
2416    13100000000.0    -23.67
2417    13150000000.0    -23.67
2418    13200000000.0    -23.71
2419    13250000000.0    -23.71
2420    13300000000.0    -23.71
2421    13350000000.0    -23.71
2422    13400000000.0    -23.67
2423    13450000000.0    -23.67
2424    13500000000.0    -23.67
2425    13500000000.1    -23.67
2426    13550000000.0    -23.67
2427    13600000000.0    -23.67
2428    13650000000.0    -23.67
2429    13700000000.0    -23.67
2430    13750000000.0    -23.67
2431    13800000000.0    -23.67
2432    13850000000.0    -23.67
2433    13900000000.0    -23.67
2434    13950000000.0    -23.67
2435    14000000000.0    -23.67
2436    14050000000.0    -23.67
2437    14100000000.0    -23.67
2438    14150000000.0    -23.67
2439    14200000000.0    -23.67
2440    14250000000.0    -23.67
2441    14300000000.0    -23.62
2442    14350000000.0    -23.65
2443    14400000000.0    -23.65
2444    14450000000.0    -23.65
2445    14500000000.0    -23.65
2446    14550000000.0    -23.65
2447    14600000000.0    -23.65
2448    14650000000.0    -23.65
2449    14700000000.0    -23.65
2450    14750000000.0    -23.65
2451    14800000000.0    -23.65
2452    14850000000.0    -23.65
2453    14900000000.0    -23.65
2454    14950000000.0    -23.65
2455    15000000000.0    -23.65
2456    50000000.0    -29.85
2457    100000000.0    -29.85
2458    150000000.0    -29.80
2459    200000000.0    -29.80
2460    250000000.0    -29.73
2461    300000000.0    -29.73
2462    350000000.0    -29.73
2463    400000000.0    -29.66
2464    450000000.0    -29.66
2465    500000000.0    -29.66
2466    550000000.0    -29.59
2467    600000000.0    -29.59
2468    650000000.0    -29.50
2469    700000000.0    -29.50
2470    750000000.0    -29.45
2471    800000000.0    -29.49
2472    850000000.0    -29.28
2473    900000000.0    -29.47
2474    950000000.0    -29.37
2475    1000000000.0    -29.15
2476    1050000000.0    -29.15
2477    1100000000.0    -29.28
2478    1150000000.0    -29.19
2479    1200000000.0    -28.99
2480    1250000000.0    -29.16
2481    1300000000.0    -29.16
2482    1350000000.0    -29.11
2483    1366250000.0    -29.16
2484    1366250000.1    -29.16
2485    1416250000.0    -29.03
2486    1466250000.0    -29.07
2487    1516250000.0    -29.07
2488    1566250000.0    -29.07
2489    1616250000.0    -29.07
2490    1666250000.0    -28.84
2491    1716250000.0    -29.27
2492    1766250000.0    -29.11
2493    1816250000.0    -28.91
2494    1866250000.0    -29.12
2495    1916250000.0    -29.25
2496    1966250000.0    -29.14
2497    2016250000.0    -28.88
2498    2066250000.0    -28.88
2499    2116250000.0    -28.88
2500    2166250000.0    -28.88
2501    2216250000.0    -28.88
2502    2266250000.0    -28.85
2503    2316250000.0    -28.85
2504    2366250000.0    -28.85
2505    2416250000.0    -28.81
2506    2466250000.0    -28.81
2507    2516250000.0    -28.81
2508    2566250000.0    -28.81
2509    2600000000.0    -28.81
2510    2600000000.1    -28.81
2511    2650000000.0    -28.81
2512    2700000000.0    -28.81
2513    2750000000.0    -28.81
2514    2800000000.0    -28.81
2515    2850000000.0    -28.77
2516    2900000000.0    -28.77
2517    2950000000.0    -28.77
2518    3000000000.0    -28.77
2519    3050000000.0    -28.77
2520    3100000000.0    -28.74
2521    3150000000.0    -28.74
2522    3200000000.0    -28.78
2523    3250000000.0    -29.36
2524    3300000000.0    -29.36
2525    3350000000.0    -29.36
2526    3400000000.0    -29.36
2527    3450000000.0    -29.36
2528    3500000000.0    -29.36
2529    3550000000.0    -29.36
2530    3600000000.0    -29.36
2531    3650000000.0    -29.36
2532    3700000000.0    -29.33
2533    3750000000.0    -29.33
2534    3800000000.0    -29.33
2535    3850000000.0    -29.33
2536    3900000000.0    -29.33
2537    3950000000.0    -29.29
2538    4000000000.0    -29.29
2539    4050000000.0    -29.29
2540    4100000000.0    -29.29
2541    4150000000.0    -29.29
2542    4200000000.0    -29.29
2543    4250000000.0    -29.29
2544    4300000000.0    -29.29
2545    4350000000.0    -29.26
2546    4400000000.0    -29.26
2547    4450000000.0    -29.26
2548    4500000000.0    -29.26
2549    4550000000.0    -29.26
2550    4600000000.0    -29.26
2551    4650000000.0    -29.26
2552    4700000000.0    -29.26
2553    4750000000.0    -29.26
2554    4800000000.0    -29.26
2555    4850000000.0    -29.26
2556    4900000000.0    -29.26
2557    4950000000.0    -29.23
2558    5000000000.0    -29.23
2559    5050000000.0    -29.23
2560    5100000000.0    -29.23
2561    5150000000.0    -29.23
2562    5200000000.0    -29.20
2563    5250000000.0    -29.20
2564    5300000000.0    -29.20
2565    5350000000.0    -29.17
2566    5400000000.0    -29.17
2567    5450000000.0    -29.17
2568    5500000000.0    -29.17
2569    5550000000.0    -29.17
2570    5600000000.0    -29.17
2571    5650000000.0    -29.17
2572    5700000000.0    -29.17
2573    5750000000.0    -29.17
2574    5800000000.0    -29.17
2575    5850000000.0    -29.13
2576    5900000000.0    -29.13
2577    5950000000.0    -29.13
2578    6000000000.0    -29.13
2579    6050000000.0    -29.13
2580    6100000000.0    -29.13
2581    6150000000.0    -29.13
2582    6200000000.0    -29.13
2583    6250000000.0    -29.13
2584    6300000000.0    -29.13
2585    6350000000.0    -29.13
2586    6400000000.0    -29.13
2587    6450000000.0    -29.13
2588    6500000000.0    -29.13
2589    6550000000.0    -29.17
2590    6600000000.0    -29.17
2591    6650000000.0    -29.20
2592    6700000000.0    -29.20
2593    6750000000.0    -29.14
2594    6800000000.0    -29.09
2595    6850000000.0    -29.09
2596    6900000000.0    -29.05
2597    6950000000.0    -29.05
2598    7000000000.0    -29.10
2599    7050000000.0    -29.10
2600    7100000000.0    -29.14
2601    7150000000.0    -29.14
2602    7200000000.0    -29.14
2603    7200000000.1    -29.14
2604    7250000000.0    -29.14
2605    7300000000.0    -29.08
2606    7350000000.0    -29.08
2607    7400000000.0    -29.08
2608    7450000000.0    -29.04
2609    7500000000.0    -29.04
2610    7550000000.0    -29.04
2611    7600000000.0    -29.04
2612    7650000000.0    -29.04
2613    7700000000.0    -29.04
2614    7750000000.0    -29.01
2615    7800000000.0    -29.01
2616    7850000000.0    -29.01
2617    7900000000.0    -28.97
2618    7950000000.0    -28.97
2619    8000000000.0    -28.97
2620    8050000000.0    -28.97
2621    8100000000.0    -29.01
2622    8150000000.0    -29.01
2623    8200000000.0    -29.05
2624    8250000000.0    -29.05
2625    8300000000.0    -29.00
2626    8350000000.0    -28.97
2627    8400000000.0    -28.94
2628    8450000000.0    -28.94
2629    8500000000.0    -28.94
2630    8550000000.0    -28.94
2631    8600000000.0    -28.94
2632    8650000000.0    -28.94
2633    8700000000.0    -28.94
2634    8750000000.0    -28.94
2635    8800000000.0    -28.94
2636    8850000000.0    -28.94
2637    8900000000.0    -28.94
2638    8950000000.0    -28.94
2639    9000000000.0    -28.89
2640    9050000000.0    -28.89
2641    9100000000.0    -28.89
2642    9150000000.0    -28.89
2643    9200000000.0    -28.95
2644    9250000000.0    -28.95
2645    9300000000.0    -28.95
2646    9350000000.0    -28.95
2647    9400000000.0    -28.89
2648    9450000000.0    -28.89
2649    9500000000.0    -28.89
2650    9500000000.1    -28.89
2651    9550000000.0    -28.93
2652    9600000000.0    -28.93
2653    9650000000.0    -28.93
2654    9700000000.0    -28.97
2655    9750000000.0    -28.97
2656    9800000000.0    -28.90
2657    9850000000.0    -28.90
2658    9900000000.0    -28.90
2659    9950000000.0    -28.90
2660    10000000000.0    -28.90
2661    10050000000.0    -28.90
2662    10100000000.0    -28.90
2663    10150000000.0    -28.90
2664    10200000000.0    -28.90
2665    10250000000.0    -28.90
2666    10300000000.0    -28.87
2667    10350000000.0    -28.87
2668    10400000000.0    -28.87
2669    10450000000.0    -28.87
2670    10500000000.0    -28.87
2671    10550000000.0    -28.87
2672    10600000000.0    -28.87
2673    10650000000.0    -28.87
2674    10700000000.0    -28.83
2675    10750000000.0    -28.83
2676    10800000000.0    -28.88
2677    10850000000.0    -28.83
2678    10900000000.0    -28.83
2679    10950000000.0    -28.83
2680    11000000000.0    -28.83
2681    11050000000.0    -28.83
2682    11100000000.0    -28.83
2683    11150000000.0    -28.87
2684    11200000000.0    -28.87
2685    11250000000.0    -28.84
2686    11300000000.0    -28.84
2687    11350000000.0    -28.84
2688    11400000000.0    -28.80
2689    11450000000.0    -28.85
2690    11500000000.0    -28.85
2691    11500000000.1    -28.85
2692    11550000000.0    -28.89
2693    11600000000.0    -28.92
2694    11650000000.0    -28.92
2695    11700000000.0    -28.92
2696    11750000000.0    -28.85
2697    11800000000.0    -28.85
2698    11850000000.0    -28.82
2699    11900000000.0    -28.79
2700    11950000000.0    -28.79
2701    12000000000.0    -28.79
2702    12050000000.0    -28.79
2703    12100000000.0    -28.83
2704    12150000000.0    -28.75
2705    12200000000.0    -28.75
2706    12250000000.0    -28.71
2707    12300000000.0    -28.64
2708    12350000000.0    -28.71
2709    12400000000.0    -28.66
2710    12450000000.0    -28.72
2711    12500000000.0    -28.72
2712    12550000000.0    -28.72
2713    12600000000.0    -28.81
2714    12650000000.0    -28.81
2715    12700000000.0    -28.87
2716    12750000000.0    -28.87
2717    12800000000.0    -28.81
2718    12850000000.0    -28.81
2719    12900000000.0    -28.74
2720    12950000000.0    -28.74
2721    13000000000.0    -28.67
2722    13050000000.0    -28.72
2723    13100000000.0    -28.78
2724    13150000000.0    -28.84
2725    13200000000.0    -28.91
2726    13250000000.0    -28.85
2727    13300000000.0    -28.79
2728    13350000000.0    -28.75
2729    13400000000.0    -28.70
2730    13450000000.0    -28.70
2731    13500000000.0    -28.74
2732    13500000000.1    -28.74
2733    13550000000.0    -28.74
2734    13600000000.0    -28.74
2735    13650000000.0    -28.74
2736    13700000000.0    -28.74
2737    13750000000.0    -28.78
2738    13800000000.0    -28.78
2739    13850000000.0    -28.78
2740    13900000000.0    -28.78
2741    13950000000.0    -28.74
2742    14000000000.0    -28.74
2743    14050000000.0    -28.74
2744    14100000000.0    -28.74
2745    14150000000.0    -28.74
2746    14200000000.0    -28.74
2747    14250000000.0    -28.74
2748    14300000000.0    -28.74
2749    14350000000.0    -28.74
2750    14400000000.0    -28.74
2751    14450000000.0    -28.74
2752    14500000000.0    -28.74
2753    14550000000.0    -28.74
2754    14600000000.0    -28.74
2755    14650000000.0    -28.74
2756    14700000000.0    -28.74
2757    14750000000.0    -28.74
2758    14800000000.0    -28.74
2759    14850000000.0    -28.74
2760    14900000000.0    -28.68
2761    14950000000.0    -28.68
2762    15000000000.0    -28.68
2763    50000000.0    -34.88
2764    100000000.0    -34.88
2765    150000000.0    -34.85
2766    200000000.0    -34.85
2767    250000000.0    -34.76
2768    300000000.0    -34.76
2769    350000000.0    -34.76
2770    400000000.0    -34.71
2771    450000000.0    -34.74
2772    500000000.0    -34.68
2773    550000000.0    -34.68
2774    600000000.0    -34.65
2775    650000000.0    -34.58
2776    700000000.0    -34.58
2777    750000000.0    -34.53
2778    800000000.0    -34.60
2779    850000000.0    -34.41
2780    900000000.0    -34.62
2781    950000000.0    -34.51
2782    1000000000.0    -34.30
2783    1050000000.0    -34.30
2784    1100000000.0    -34.44
2785    1150000000.0    -34.37
2786    1200000000.0    -34.18
2787    1250000000.0    -34.35
2788    1300000000.0    -34.35
2789    1350000000.0    -34.30
2790    1366250000.0    -34.36
2791    1366250000.1    -34.36
2792    1416250000.0    -34.23
2793    1466250000.0    -34.29
2794    1516250000.0    -34.29
2795    1566250000.0    -34.33
2796    1616250000.0    -34.33
2797    1666250000.0    -34.05
2798    1716250000.0    -34.49
2799    1766250000.0    -34.34
2800    1816250000.0    -34.13
2801    1866250000.0    -34.33
2802    1916250000.0    -34.46
2803    1966250000.0    -34.34
2804    2016250000.0    -34.08
2805    2066250000.0    -34.08
2806    2116250000.0    -34.08
2807    2166250000.0    -34.08
2808    2216250000.0    -34.08
2809    2266250000.0    -34.08
2810    2316250000.0    -34.04
2811    2366250000.0    -34.04
2812    2416250000.0    -34.04
2813    2466250000.0    -34.04
2814    2516250000.0    -34.04
2815    2566250000.0    -34.04
2816    2600000000.0    -34.04
2817    2600000000.1    -34.04
2818    2650000000.0    -34.04
2819    2700000000.0    -34.04
2820    2750000000.0    -34.01
2821    2800000000.0    -34.01
2822    2850000000.0    -34.01
2823    2900000000.0    -34.01
2824    2950000000.0    -34.01
2825    3000000000.0    -34.01
2826    3050000000.0    -33.98
2827    3100000000.0    -33.98
2828    3150000000.0    -33.98
2829    3200000000.0    -33.98
2830    3250000000.0    -34.42
2831    3300000000.0    -34.42
2832    3350000000.0    -34.42
2833    3400000000.0    -34.42
2834    3450000000.0    -34.42
2835    3500000000.0    -34.42
2836    3550000000.0    -34.42
2837    3600000000.0    -34.39
2838    3650000000.0    -34.39
2839    3700000000.0    -34.39
2840    3750000000.0    -34.39
2841    3800000000.0    -34.39
2842    3850000000.0    -34.39
2843    3900000000.0    -34.39
2844    3950000000.0    -34.34
2845    4000000000.0    -34.34
2846    4050000000.0    -34.34
2847    4100000000.0    -34.34
2848    4150000000.0    -34.34
2849    4200000000.0    -34.34
2850    4250000000.0    -34.34
2851    4300000000.0    -34.31
2852    4350000000.0    -34.31
2853    4400000000.0    -34.31
2854    4450000000.0    -34.31
2855    4500000000.0    -34.27
2856    4550000000.0    -34.27
2857    4600000000.0    -34.27
2858    4650000000.0    -34.31
2859    4700000000.0    -34.31
2860    4750000000.0    -34.31
2861    4800000000.0    -34.31
2862    4850000000.0    -34.31
2863    4900000000.0    -34.31
2864    4950000000.0    -34.31
2865    5000000000.0    -34.31
2866    5050000000.0    -34.28
2867    5100000000.0    -34.28
2868    5150000000.0    -34.28
2869    5200000000.0    -34.28
2870    5250000000.0    -34.23
2871    5300000000.0    -34.23
2872    5350000000.0    -34.23
2873    5400000000.0    -34.23
2874    5450000000.0    -34.23
2875    5500000000.0    -34.23
2876    5550000000.0    -34.23
2877    5600000000.0    -34.23
2878    5650000000.0    -34.23
2879    5700000000.0    -34.23
2880    5750000000.0    -34.20
2881    5800000000.0    -34.20
2882    5850000000.0    -34.20
2883    5900000000.0    -34.20
2884    5950000000.0    -34.20
2885    6000000000.0    -34.16
2886    6050000000.0    -34.16
2887    6100000000.0    -34.16
2888    6150000000.0    -34.16
2889    6200000000.0    -34.20
2890    6250000000.0    -34.20
2891    6300000000.0    -34.20
2892    6350000000.0    -34.16
2893    6400000000.0    -34.16
2894    6450000000.0    -34.16
2895    6500000000.0    -34.20
2896    6550000000.0    -34.20
2897    6600000000.0    -34.20
2898    6650000000.0    -34.20
2899    6700000000.0    -34.20
2900    6750000000.0    -34.20
2901    6800000000.0    -34.14
2902    6850000000.0    -34.14
2903    6900000000.0    -34.09
2904    6950000000.0    -34.09
2905    7000000000.0    -34.13
2906    7050000000.0    -34.13
2907    7100000000.0    -34.18
2908    7150000000.0    -34.18
2909    7200000000.0    -34.18
2910    7200000000.1    -34.18
2911    7250000000.0    -34.14
2912    7300000000.0    -34.14
2913    7350000000.0    -34.14
2914    7400000000.0    -34.14
2915    7450000000.0    -34.11
2916    7500000000.0    -34.11
2917    7550000000.0    -34.11
2918    7600000000.0    -34.11
2919    7650000000.0    -34.11
2920    7700000000.0    -34.11
2921    7750000000.0    -34.06
2922    7800000000.0    -34.06
2923    7850000000.0    -34.06
2924    7900000000.0    -34.03
2925    7950000000.0    -34.03
2926    8000000000.0    -34.03
2927    8050000000.0    -34.03
2928    8100000000.0    -34.08
2929    8150000000.0    -34.08
2930    8200000000.0    -34.11
2931    8250000000.0    -34.08
2932    8300000000.0    -34.08
2933    8350000000.0    -34.03
2934    8400000000.0    -34.03
2935    8450000000.0    -34.03
2936    8500000000.0    -34.03
2937    8550000000.0    -34.03
2938    8600000000.0    -34.03
2939    8650000000.0    -34.03
2940    8700000000.0    -34.03
2941    8750000000.0    -34.03
2942    8800000000.0    -34.03
2943    8850000000.0    -34.03
2944    8900000000.0    -34.00
2945    8950000000.0    -34.00
2946    9000000000.0    -33.97
2947    9050000000.0    -33.97
2948    9100000000.0    -33.97
2949    9150000000.0    -33.97
2950    9200000000.0    -34.02
2951    9250000000.0    -34.02
2952    9300000000.0    -34.02
2953    9350000000.0    -34.02
2954    9400000000.0    -33.95
2955    9450000000.0    -33.95
2956    9500000000.0    -33.95
2957    9500000000.1    -33.95
2958    9550000000.0    -33.95
2959    9600000000.0    -34.00
2960    9650000000.0    -34.00
2961    9700000000.0    -34.03
2962    9750000000.0    -34.03
2963    9800000000.0    -33.98
2964    9850000000.0    -33.98
2965    9900000000.0    -33.98
2966    9950000000.0    -33.98
2967    10000000000.0    -33.98
2968    10050000000.0    -33.94
2969    10100000000.0    -33.94
2970    10150000000.0    -33.94
2971    10200000000.0    -33.94
2972    10250000000.0    -33.94
2973    10300000000.0    -33.94
2974    10350000000.0    -33.94
2975    10400000000.0    -33.94
2976    10450000000.0    -33.94
2977    10500000000.0    -33.94
2978    10550000000.0    -33.94
2979    10600000000.0    -33.88
2980    10650000000.0    -33.88
2981    10700000000.0    -33.88
2982    10750000000.0    -33.88
2983    10800000000.0    -33.91
2984    10850000000.0    -33.88
2985    10900000000.0    -33.88
2986    10950000000.0    -33.88
2987    11000000000.0    -33.88
2988    11050000000.0    -33.92
2989    11100000000.0    -33.92
2990    11150000000.0    -33.92
2991    11200000000.0    -33.92
2992    11250000000.0    -33.92
2993    11300000000.0    -33.92
2994    11350000000.0    -33.92
2995    11400000000.0    -33.92
2996    11450000000.0    -33.95
2997    11500000000.0    -33.95
2998    11500000000.1    -33.95
2999    11550000000.0    -33.95
3000    11600000000.0    -33.95
3001    11650000000.0    -33.95
3002    11700000000.0    -33.95
3003    11750000000.0    -33.92
3004    11800000000.0    -33.92
3005    11850000000.0    -33.92
3006    11900000000.0    -33.85
3007    11950000000.0    -33.85
3008    12000000000.0    -33.85
3009    12050000000.0    -33.85
3010    12100000000.0    -33.89
3011    12150000000.0    -33.82
3012    12200000000.0    -33.82
3013    12250000000.0    -33.82
3014    12300000000.0    -33.75
3015    12350000000.0    -33.82
3016    12400000000.0    -33.78
3017    12450000000.0    -33.83
3018    12500000000.0    -33.83
3019    12550000000.0    -33.83
3020    12600000000.0    -33.89
3021    12650000000.0    -33.89
3022    12700000000.0    -33.89
3023    12750000000.0    -33.89
3024    12800000000.0    -33.89
3025    12850000000.0    -33.84
3026    12900000000.0    -33.81
3027    12950000000.0    -33.81
3028    13000000000.0    -33.76
3029    13050000000.0    -33.82
3030    13100000000.0    -33.88
3031    13150000000.0    -33.88
3032    13200000000.0    -33.95
3033    13250000000.0    -33.90
3034    13300000000.0    -33.83
3035    13350000000.0    -33.83
3036    13400000000.0    -33.79
3037    13450000000.0    -33.79
3038    13500000000.0    -33.79
3039    13500000000.1    -33.79
3040    13550000000.0    -33.79
3041    13600000000.0    -33.83
3042    13650000000.0    -33.83
3043    13700000000.0    -33.83
3044    13750000000.0    -33.83
3045    13800000000.0    -33.83
3046    13850000000.0    -33.83
3047    13900000000.0    -33.83
3048    13950000000.0    -33.83
3049    14000000000.0    -33.83
3050    14050000000.0    -33.77
3051    14100000000.0    -33.77
3052    14150000000.0    -33.77
3053    14200000000.0    -33.82
3054    14250000000.0    -33.82
3055    14300000000.0    -33.82
3056    14350000000.0    -33.82
3057    14400000000.0    -33.78
3058    14450000000.0    -33.78
3059    14500000000.0    -33.82
3060    14550000000.0    -33.82
3061    14600000000.0    -33.82
3062    14650000000.0    -33.82
3063    14700000000.0    -33.82
3064    14750000000.0    -33.82
3065    14800000000.0    -33.82
3066    14850000000.0    -33.82
3067    14900000000.0    -33.76
3068    14950000000.0    -33.76
3069    15000000000.0    -33.76
