No. freqHz  powerdB
0    50000000.0    10.00
1    100000000.0    10.00
2    150000000.0    10.04
3    200000000.0    10.04
4    250000000.0    10.07
5    300000000.0    10.07
6    350000000.0    10.05
7    400000000.0    10.07
8    450000000.0    10.06
9    500000000.0    10.08
10    550000000.0    10.09
11    600000000.0    10.11
12    650000000.0    10.13
13    700000000.0    10.14
14    750000000.0    10.17
15    800000000.0    10.18
16    850000000.0    10.21
17    900000000.0    10.23
18    950000000.0    10.25
19    1000000000.0    10.28
20    1050000000.0    10.28
21    1100000000.0    10.27
22    1150000000.0    10.24
23    1200000000.0    10.23
24    1250000000.0    10.24
25    1300000000.0    10.27
26    1350000000.0    10.24
27    1366250000.0    10.27
28    1366250000.1    10.27
29    1416250000.0    10.32
30    1466250000.0    10.25
31    1516250000.0    10.32
32    1566250000.0    10.26
33    1616250000.0    10.27
34    1666250000.0    10.29
35    1716250000.0    10.23
36    1766250000.0    10.24
37    1816250000.0    10.28
38    1866250000.0    10.22
39    1916250000.0    10.16
40    1966250000.0    10.19
41    2016250000.0    10.11
42    2066250000.0    10.11
43    2116250000.0    10.11
44    2166250000.0    10.10
45    2216250000.0    10.10
46    2266250000.0    10.09
47    2316250000.0    10.09
48    2366250000.0    10.09
49    2416250000.0    10.08
50    2466250000.0    10.08
51    2516250000.0    10.08
52    2566250000.0    10.07
53    2600000000.0    10.06
54    2600000000.1    10.06
55    2650000000.0    10.06
56    2700000000.0    10.06
57    2750000000.0    10.07
58    2800000000.0    10.07
59    2850000000.0    10.05
60    2900000000.0    10.05
61    2950000000.0    10.06
62    3000000000.0    10.06
63    3050000000.0    10.05
64    3100000000.0    10.05
65    3150000000.0    10.05
66    3200000000.0    10.05
67    3250000000.0    10.05
68    3300000000.0    10.06
69    3350000000.0    10.05
70    3400000000.0    10.04
71    3450000000.0    10.04
72    3500000000.0    10.04
73    3550000000.0    10.05
74    3600000000.0    10.05
75    3650000000.0    10.05
76    3700000000.0    10.04
77    3750000000.0    10.04
78    3800000000.0    10.04
79    3850000000.0    10.05
80    3900000000.0    10.05
81    3950000000.0    10.04
82    4000000000.0    10.03
83    4133750000.0    10.04
84    4133750000.1    10.04
85    4183750000.0    10.00
86    4233750000.0    10.03
87    4283750000.0    10.03
88    4333750000.0    10.03
89    4383750000.0    10.00
90    4433750000.0    10.00
91    4483750000.0    10.00
92    4533750000.0    10.00
93    4583750000.0    10.00
94    4633750000.0    10.03
95    4683750000.0    10.00
96    4733750000.0    10.00
97    4783750000.0    10.00
98    4833750000.0    10.00
99    4883750000.0    10.04
100    4933750000.0    10.04
101    4983750000.0    10.00
102    5033750000.0    10.00
103    5083750000.0    10.00
104    5133750000.0    10.00
105    5183750000.0    10.00
106    5233750000.0    10.00
107    5283750000.0    10.00
108    5333750000.0    10.00
109    5383750000.0    10.00
110    5433750000.0    10.03
111    5483750000.0    10.00
112    5533750000.0    10.00
113    5583750000.0    10.00
114    5633750000.0    10.00
115    5683750000.0    10.00
116    5733750000.0    10.00
117    5783750000.0    10.00
118    5833750000.0    10.00
119    5883750000.0    10.00
120    5933750000.0    10.00
121    5983750000.0    10.00
122    6033750000.0    10.00
123    6083750000.0    10.00
124    6133750000.0    10.00
125    6183750000.0    10.00
126    6233750000.0    10.00
127    6283750000.0    10.00
128    6333750000.0    10.00
129    6383750000.0    10.00
130    6433750000.0    10.00
131    6483750000.0    10.00
132    6533750000.0    10.00
133    6583750000.0    10.00
134    6633750000.0    10.00
135    6683750000.0    10.00
136    6733750000.0    10.00
137    6783750000.0    10.00
138    6833750000.0    10.00
139    6883750000.0    10.00
140    6933750000.0    10.00
141    6983750000.0    10.00
142    7033750000.0    10.00
143    7083750000.0    10.00
144    7133750000.0    10.00
145    7183750000.0    9.96
146    7233750000.0    9.97
147    7283750000.0    10.00
148    7333750000.0    10.00
149    7383750000.0    10.00
150    7433750000.0    10.00
151    7483750000.0    10.00
152    7500000000.0    10.00
153    7500000000.1    10.00
154    7550000000.0    10.00
155    7600000000.0    10.00
156    7650000000.0    10.00
157    7700000000.0    10.00
158    7750000000.0    10.00
159    7800000000.0    10.00
160    7850000000.0    10.00
161    7900000000.0    10.00
162    7950000000.0    10.00
163    8000000000.0    10.00
164    8050000000.0    10.00
165    8100000000.0    10.00
166    8150000000.0    10.04
167    8200000000.0    10.05
168    8250000000.0    10.00
169    8300000000.0    10.00
170    8350000000.0    10.00
171    8400000000.0    10.04
172    8450000000.0    10.00
173    8500000000.0    10.00
174    8550000000.0    10.00
175    8600000000.0    10.00
176    8650000000.0    10.00
177    8700000000.0    10.00
178    8750000000.0    10.00
179    8800000000.0    10.06
180    8850000000.0    10.06
181    8900000000.0    10.00
182    8950000000.0    10.00
183    9000000000.0    10.00
184    9050000000.0    10.00
185    9100000000.0    10.00
186    9150000000.0    10.00
187    9200000000.0    10.00
188    9250000000.0    10.04
189    9300000000.0    10.06
190    9350000000.0    10.04
191    9400000000.0    10.00
192    9450000000.0    10.00
193    9500000000.0    10.04
194    9500000000.1    10.04
195    9550000000.0    10.06
196    9600000000.0    10.05
197    9650000000.0    10.06
198    9700000000.0    10.06
199    9750000000.0    10.08
200    9800000000.0    10.08
201    9850000000.0    10.10
202    9900000000.0    10.10
203    9950000000.0    10.10
204    10000000000.0    10.10
205    10050000000.0    10.12
206    10100000000.0    10.10
207    10150000000.0    10.09
208    10200000000.0    10.10
209    10250000000.0    10.11
210    10300000000.0    10.10
211    10350000000.0    10.11
212    10400000000.0    10.10
213    10450000000.0    10.10
214    10500000000.0    10.11
215    10550000000.0    10.12
216    10600000000.0    10.10
217    10650000000.0    10.07
218    10700000000.0    10.09
219    10750000000.0    10.09
220    10800000000.0    10.08
221    10850000000.0    10.06
222    10900000000.0    10.10
223    10950000000.0    10.12
224    11000000000.0    10.09
225    11050000000.0    10.04
226    11100000000.0    10.07
227    11150000000.0    10.09
228    11200000000.0    10.07
229    11250000000.0    10.07
230    11300000000.0    10.06
231    11350000000.0    10.04
232    11400000000.0    10.07
233    11450000000.0    10.08
234    11500000000.0    10.08
235    50000000.0    5.00
236    100000000.0    5.00
237    150000000.0    5.00
238    200000000.0    5.04
239    250000000.0    5.06
240    300000000.0    5.06
241    350000000.0    5.06
242    400000000.0    5.07
243    450000000.0    5.06
244    500000000.0    5.08
245    550000000.0    5.09
246    600000000.0    5.10
247    650000000.0    5.13
248    700000000.0    5.13
249    750000000.0    5.16
250    800000000.0    5.17
251    850000000.0    5.19
252    900000000.0    5.22
253    950000000.0    5.26
254    1000000000.0    5.29
255    1050000000.0    5.27
256    1100000000.0    5.23
257    1150000000.0    5.17
258    1200000000.0    5.14
259    1250000000.0    5.17
260    1300000000.0    5.21
261    1350000000.0    5.19
262    1366250000.0    5.21
263    1366250000.1    5.21
264    1416250000.0    5.27
265    1466250000.0    5.21
266    1516250000.0    5.28
267    1566250000.0    5.22
268    1616250000.0    5.22
269    1666250000.0    5.24
270    1716250000.0    5.18
271    1766250000.0    5.21
272    1816250000.0    5.24
273    1866250000.0    5.18
274    1916250000.0    5.13
275    1966250000.0    5.16
276    2016250000.0    5.09
277    2066250000.0    5.09
278    2116250000.0    5.10
279    2166250000.0    5.09
280    2216250000.0    5.08
281    2266250000.0    5.08
282    2316250000.0    5.09
283    2366250000.0    5.08
284    2416250000.0    5.07
285    2466250000.0    5.07
286    2516250000.0    5.08
287    2566250000.0    5.07
288    2600000000.0    5.06
289    2600000000.1    5.06
290    2650000000.0    5.06
291    2700000000.0    5.06
292    2750000000.0    5.07
293    2800000000.0    5.07
294    2850000000.0    5.06
295    2900000000.0    5.06
296    2950000000.0    5.06
297    3000000000.0    5.07
298    3050000000.0    5.05
299    3100000000.0    5.07
300    3150000000.0    5.06
301    3200000000.0    5.06
302    3250000000.0    5.06
303    3300000000.0    5.07
304    3350000000.0    5.06
305    3400000000.0    5.06
306    3450000000.0    5.06
307    3500000000.0    5.05
308    3550000000.0    5.06
309    3600000000.0    5.06
310    3650000000.0    5.06
311    3700000000.0    5.05
312    3750000000.0    5.05
313    3800000000.0    5.05
314    3850000000.0    5.06
315    3900000000.0    5.06
316    3950000000.0    5.05
317    4000000000.0    5.04
318    4133750000.0    5.05
319    4133750000.1    5.05
320    4183750000.0    5.05
321    4233750000.0    5.05
322    4283750000.0    5.05
323    4333750000.0    5.05
324    4383750000.0    5.04
325    4433750000.0    5.05
326    4483750000.0    5.04
327    4533750000.0    5.04
328    4583750000.0    5.04
329    4633750000.0    5.05
330    4683750000.0    5.05
331    4733750000.0    5.04
332    4783750000.0    5.04
333    4833750000.0    5.04
334    4883750000.0    5.06
335    4933750000.0    5.06
336    4983750000.0    5.04
337    5033750000.0    5.00
338    5083750000.0    5.03
339    5133750000.0    5.04
340    5183750000.0    5.04
341    5233750000.0    5.04
342    5283750000.0    5.03
343    5333750000.0    5.00
344    5383750000.0    5.05
345    5433750000.0    5.05
346    5483750000.0    5.04
347    5533750000.0    5.00
348    5583750000.0    5.00
349    5633750000.0    5.00
350    5683750000.0    5.03
351    5733750000.0    5.00
352    5783750000.0    5.00
353    5833750000.0    5.00
354    5883750000.0    5.00
355    5933750000.0    5.00
356    5983750000.0    5.00
357    6033750000.0    5.00
358    6083750000.0    5.00
359    6133750000.0    5.00
360    6183750000.0    5.00
361    6233750000.0    5.00
362    6283750000.0    5.00
363    6333750000.0    5.00
364    6383750000.0    5.00
365    6433750000.0    5.00
366    6483750000.0    5.00
367    6533750000.0    5.00
368    6583750000.0    5.00
369    6633750000.0    5.00
370    6683750000.0    5.00
371    6733750000.0    5.00
372    6783750000.0    5.00
373    6833750000.0    5.00
374    6883750000.0    5.00
375    6933750000.0    5.00
376    6983750000.0    5.00
377    7033750000.0    5.04
378    7083750000.0    5.04
379    7133750000.0    5.00
380    7183750000.0    5.00
381    7233750000.0    5.00
382    7283750000.0    5.00
383    7333750000.0    5.03
384    7383750000.0    5.03
385    7433750000.0    5.00
386    7483750000.0    5.00
387    7500000000.0    5.00
388    7500000000.1    5.00
389    7550000000.0    5.00
390    7600000000.0    5.00
391    7650000000.0    5.00
392    7700000000.0    5.00
393    7750000000.0    5.00
394    7800000000.0    5.00
395    7850000000.0    5.00
396    7900000000.0    5.00
397    7950000000.0    5.00
398    8000000000.0    5.00
399    8050000000.0    5.00
400    8100000000.0    5.00
401    8150000000.0    5.05
402    8200000000.0    5.06
403    8250000000.0    5.00
404    8300000000.0    5.00
405    8350000000.0    5.03
406    8400000000.0    5.07
407    8450000000.0    5.04
408    8500000000.0    5.00
409    8550000000.0    5.00
410    8600000000.0    5.04
411    8650000000.0    5.03
412    8700000000.0    5.03
413    8750000000.0    5.05
414    8800000000.0    5.08
415    8850000000.0    5.08
416    8900000000.0    5.00
417    8950000000.0    5.00
418    9000000000.0    5.00
419    9050000000.0    5.04
420    9100000000.0    5.05
421    9150000000.0    5.03
422    9200000000.0    5.00
423    9250000000.0    5.06
424    9300000000.0    5.08
425    9350000000.0    5.06
426    9400000000.0    5.00
427    9450000000.0    5.04
428    9500000000.0    5.06
429    9500000000.1    5.06
430    9550000000.0    5.06
431    9600000000.0    5.06
432    9650000000.0    5.07
433    9700000000.0    5.07
434    9750000000.0    5.09
435    9800000000.0    5.09
436    9850000000.0    5.10
437    9900000000.0    5.11
438    9950000000.0    5.11
439    10000000000.0    5.11
440    10050000000.0    5.13
441    10100000000.0    5.11
442    10150000000.0    5.10
443    10200000000.0    5.11
444    10250000000.0    5.12
445    10300000000.0    5.11
446    10350000000.0    5.11
447    10400000000.0    5.11
448    10450000000.0    5.10
449    10500000000.0    5.12
450    10550000000.0    5.13
451    10600000000.0    5.11
452    10650000000.0    5.09
453    10700000000.0    5.10
454    10750000000.0    5.10
455    10800000000.0    5.10
456    10850000000.0    5.08
457    10900000000.0    5.11
458    10950000000.0    5.13
459    11000000000.0    5.11
460    11050000000.0    5.06
461    11100000000.0    5.09
462    11150000000.0    5.11
463    11200000000.0    5.08
464    11250000000.0    5.08
465    11300000000.0    5.07
466    11350000000.0    5.05
467    11400000000.0    5.07
468    11450000000.0    5.09
469    11500000000.0    5.09
470    50000000.0    0.00
471    100000000.0    0.00
472    150000000.0    0.04
473    200000000.0    0.05
474    250000000.0    0.06
475    300000000.0    0.07
476    350000000.0    0.07
477    400000000.0    0.08
478    450000000.0    0.07
479    500000000.0    0.10
480    550000000.0    0.10
481    600000000.0    0.11
482    650000000.0    0.14
483    700000000.0    0.13
484    750000000.0    0.17
485    800000000.0    0.17
486    850000000.0    0.19
487    900000000.0    0.22
488    950000000.0    0.26
489    1000000000.0    0.29
490    1050000000.0    0.27
491    1100000000.0    0.22
492    1150000000.0    0.16
493    1200000000.0    0.14
494    1250000000.0    0.16
495    1300000000.0    0.20
496    1350000000.0    0.18
497    1366250000.0    0.20
498    1366250000.1    0.20
499    1416250000.0    0.25
500    1466250000.0    0.20
501    1516250000.0    0.27
502    1566250000.0    0.22
503    1616250000.0    0.21
504    1666250000.0    0.23
505    1716250000.0    0.17
506    1766250000.0    0.20
507    1816250000.0    0.23
508    1866250000.0    0.17
509    1916250000.0    0.13
510    1966250000.0    0.16
511    2016250000.0    0.09
512    2066250000.0    0.09
513    2116250000.0    0.09
514    2166250000.0    0.09
515    2216250000.0    0.09
516    2266250000.0    0.09
517    2316250000.0    0.09
518    2366250000.0    0.08
519    2416250000.0    0.07
520    2466250000.0    0.07
521    2516250000.0    0.08
522    2566250000.0    0.07
523    2600000000.0    0.07
524    2600000000.1    0.07
525    2650000000.0    0.07
526    2700000000.0    0.07
527    2750000000.0    0.08
528    2800000000.0    0.08
529    2850000000.0    0.06
530    2900000000.0    0.06
531    2950000000.0    0.06
532    3000000000.0    0.07
533    3050000000.0    0.06
534    3100000000.0    0.07
535    3150000000.0    0.07
536    3200000000.0    0.07
537    3250000000.0    0.06
538    3300000000.0    0.07
539    3350000000.0    0.06
540    3400000000.0    0.07
541    3450000000.0    0.06
542    3500000000.0    0.06
543    3550000000.0    0.07
544    3600000000.0    0.07
545    3650000000.0    0.07
546    3700000000.0    0.06
547    3750000000.0    0.05
548    3800000000.0    0.05
549    3850000000.0    0.06
550    3900000000.0    0.06
551    3950000000.0    0.05
552    4000000000.0    0.05
553    4133750000.0    0.05
554    4133750000.1    0.05
555    4183750000.0    0.05
556    4233750000.0    0.05
557    4283750000.0    0.05
558    4333750000.0    0.05
559    4383750000.0    0.05
560    4433750000.0    0.06
561    4483750000.0    0.05
562    4533750000.0    0.05
563    4583750000.0    0.05
564    4633750000.0    0.06
565    4683750000.0    0.06
566    4733750000.0    0.05
567    4783750000.0    0.05
568    4833750000.0    0.06
569    4883750000.0    0.07
570    4933750000.0    0.07
571    4983750000.0    0.06
572    5033750000.0    0.04
573    5083750000.0    0.04
574    5133750000.0    0.05
575    5183750000.0    0.05
576    5233750000.0    0.04
577    5283750000.0    0.04
578    5333750000.0    0.04
579    5383750000.0    0.05
580    5433750000.0    0.06
581    5483750000.0    0.04
582    5533750000.0    0.00
583    5583750000.0    0.00
584    5633750000.0    0.00
585    5683750000.0    0.03
586    5733750000.0    0.03
587    5783750000.0    0.00
588    5833750000.0    0.00
589    5883750000.0    0.00
590    5933750000.0    0.00
591    5983750000.0    0.00
592    6033750000.0    0.00
593    6083750000.0    0.00
594    6133750000.0    0.00
595    6183750000.0    0.00
596    6233750000.0    0.00
597    6283750000.0    0.00
598    6333750000.0    0.00
599    6383750000.0    0.00
600    6433750000.0    0.00
601    6483750000.0    0.00
602    6533750000.0    0.00
603    6583750000.0    0.00
604    6633750000.0    0.00
605    6683750000.0    0.00
606    6733750000.0    0.00
607    6783750000.0    0.00
608    6833750000.0    0.00
609    6883750000.0    0.00
610    6933750000.0    0.00
611    6983750000.0    0.00
612    7033750000.0    0.05
613    7083750000.0    0.05
614    7133750000.0    0.00
615    7183750000.0    0.00
616    7233750000.0    0.00
617    7283750000.0    0.00
618    7333750000.0    0.04
619    7383750000.0    0.04
620    7433750000.0    0.00
621    7483750000.0    0.03
622    7500000000.0    0.04
623    7500000000.1    0.04
624    7550000000.0    0.04
625    7600000000.0    0.00
626    7650000000.0    0.00
627    7700000000.0    0.00
628    7750000000.0    0.04
629    7800000000.0    0.05
630    7850000000.0    0.04
631    7900000000.0    0.05
632    7950000000.0    0.04
633    8000000000.0    0.04
634    8050000000.0    0.00
635    8100000000.0    0.03
636    8150000000.0    0.07
637    8200000000.0    0.08
638    8250000000.0    0.05
639    8300000000.0    0.04
640    8350000000.0    0.06
641    8400000000.0    0.09
642    8450000000.0    0.07
643    8500000000.0    0.05
644    8550000000.0    0.05
645    8600000000.0    0.07
646    8650000000.0    0.06
647    8700000000.0    0.06
648    8750000000.0    0.07
649    8800000000.0    0.11
650    8850000000.0    0.10
651    8900000000.0    0.06
652    8950000000.0    0.04
653    9000000000.0    0.05
654    9050000000.0    0.08
655    9100000000.0    0.08
656    9150000000.0    0.06
657    9200000000.0    0.06
658    9250000000.0    0.09
659    9300000000.0    0.11
660    9350000000.0    0.09
661    9400000000.0    0.05
662    9450000000.0    0.07
663    9500000000.0    0.08
664    9500000000.1    0.09
665    9550000000.0    0.09
666    9600000000.0    0.09
667    9650000000.0    0.10
668    9700000000.0    0.10
669    9750000000.0    0.12
670    9800000000.0    0.12
671    9850000000.0    0.13
672    9900000000.0    0.14
673    9950000000.0    0.14
674    10000000000.0    0.13
675    10050000000.0    0.16
676    10100000000.0    0.13
677    10150000000.0    0.13
678    10200000000.0    0.15
679    10250000000.0    0.15
680    10300000000.0    0.14
681    10350000000.0    0.14
682    10400000000.0    0.14
683    10450000000.0    0.14
684    10500000000.0    0.15
685    10550000000.0    0.17
686    10600000000.0    0.14
687    10650000000.0    0.12
688    10700000000.0    0.14
689    10750000000.0    0.14
690    10800000000.0    0.14
691    10850000000.0    0.12
692    10900000000.0    0.15
693    10950000000.0    0.17
694    11000000000.0    0.15
695    11050000000.0    0.10
696    11100000000.0    0.12
697    11150000000.0    0.14
698    11200000000.0    0.12
699    11250000000.0    0.12
700    11300000000.0    0.12
701    11350000000.0    0.08
702    11400000000.0    0.11
703    11450000000.0    0.13
704    11500000000.0    0.12
705    50000000.0    -4.93
706    100000000.0    -4.96
707    150000000.0    -4.96
708    200000000.0    -4.95
709    250000000.0    -4.94
710    300000000.0    -4.93
711    350000000.0    -4.90
712    400000000.0    -4.89
713    450000000.0    -4.90
714    500000000.0    -4.87
715    550000000.0    -4.86
716    600000000.0    -4.88
717    650000000.0    -4.83
718    700000000.0    -4.84
719    750000000.0    -4.83
720    800000000.0    -4.82
721    850000000.0    -4.78
722    900000000.0    -4.76
723    950000000.0    -4.74
724    1000000000.0    -4.71
725    1050000000.0    -4.70
726    1100000000.0    -4.78
727    1150000000.0    -4.82
728    1200000000.0    -4.85
729    1250000000.0    -4.84
730    1300000000.0    -4.79
731    1350000000.0    -4.82
732    1366250000.0    -4.78
733    1366250000.1    -4.78
734    1416250000.0    -4.73
735    1466250000.0    -4.77
736    1516250000.0    -4.73
737    1566250000.0    -4.79
738    1616250000.0    -4.79
739    1666250000.0    -4.78
740    1716250000.0    -4.80
741    1766250000.0    -4.77
742    1816250000.0    -4.75
743    1866250000.0    -4.83
744    1916250000.0    -4.84
745    1966250000.0    -4.82
746    2016250000.0    -4.90
747    2066250000.0    -4.86
748    2116250000.0    -4.87
749    2166250000.0    -4.90
750    2216250000.0    -4.90
751    2266250000.0    -4.90
752    2316250000.0    -4.90
753    2366250000.0    -4.90
754    2416250000.0    -4.91
755    2466250000.0    -4.90
756    2516250000.0    -4.89
757    2566250000.0    -4.90
758    2600000000.0    -4.90
759    2600000000.1    -4.90
760    2650000000.0    -4.92
761    2700000000.0    -4.89
762    2750000000.0    -4.89
763    2800000000.0    -4.88
764    2850000000.0    -4.93
765    2900000000.0    -4.92
766    2950000000.0    -4.92
767    3000000000.0    -4.90
768    3050000000.0    -4.91
769    3100000000.0    -4.90
770    3150000000.0    -4.91
771    3200000000.0    -4.91
772    3250000000.0    -4.91
773    3300000000.0    -4.91
774    3350000000.0    -4.92
775    3400000000.0    -4.92
776    3450000000.0    -4.92
777    3500000000.0    -4.90
778    3550000000.0    -4.89
779    3600000000.0    -4.92
780    3650000000.0    -4.90
781    3700000000.0    -4.89
782    3750000000.0    -4.90
783    3800000000.0    -4.92
784    3850000000.0    -4.92
785    3900000000.0    -4.91
786    3950000000.0    -4.94
787    4000000000.0    -4.91
788    4133750000.0    -4.93
789    4133750000.1    -4.93
790    4183750000.0    -4.93
791    4233750000.0    -4.93
792    4283750000.0    -4.94
793    4333750000.0    -4.94
794    4383750000.0    -4.91
795    4433750000.0    -4.94
796    4483750000.0    -4.93
797    4533750000.0    -4.92
798    4583750000.0    -4.91
799    4633750000.0    -4.92
800    4683750000.0    -4.93
801    4733750000.0    -4.94
802    4783750000.0    -4.94
803    4833750000.0    -4.94
804    4883750000.0    -4.91
805    4933750000.0    -4.93
806    4983750000.0    -4.92
807    5033750000.0    -4.93
808    5083750000.0    -4.93
809    5133750000.0    -4.94
810    5183750000.0    -4.95
811    5233750000.0    -4.95
812    5283750000.0    -4.95
813    5333750000.0    -4.94
814    5383750000.0    -4.94
815    5433750000.0    -4.94
816    5483750000.0    -4.95
817    5533750000.0    -4.96
818    5583750000.0    -4.96
819    5633750000.0    -4.96
820    5683750000.0    -4.92
821    5733750000.0    -4.93
822    5783750000.0    -4.96
823    5833750000.0    -4.95
824    5883750000.0    -4.94
825    5933750000.0    -4.94
826    5983750000.0    -4.95
827    6033750000.0    -4.96
828    6083750000.0    -5.00
829    6133750000.0    -5.00
830    6183750000.0    -4.94
831    6233750000.0    -4.93
832    6283750000.0    -4.96
833    6333750000.0    -4.96
834    6383750000.0    -4.95
835    6433750000.0    -4.96
836    6483750000.0    -5.00
837    6533750000.0    -5.00
838    6583750000.0    -5.00
839    6633750000.0    -5.00
840    6683750000.0    -5.00
841    6733750000.0    -5.00
842    6783750000.0    -4.96
843    6833750000.0    -4.96
844    6883750000.0    -4.96
845    6933750000.0    -4.96
846    6983750000.0    -4.96
847    7033750000.0    -4.92
848    7083750000.0    -4.95
849    7133750000.0    -4.96
850    7183750000.0    -5.00
851    7233750000.0    -5.00
852    7283750000.0    -5.00
853    7333750000.0    -4.96
854    7383750000.0    -4.95
855    7433750000.0    -4.95
856    7483750000.0    -4.94
857    7500000000.0    -4.94
858    7500000000.1    -4.94
859    7550000000.0    -4.94
860    7600000000.0    -4.95
861    7650000000.0    -4.95
862    7700000000.0    -4.96
863    7750000000.0    -4.95
864    7800000000.0    -4.95
865    7850000000.0    -4.95
866    7900000000.0    -4.94
867    7950000000.0    -4.94
868    8000000000.0    -4.94
869    8050000000.0    -4.95
870    8100000000.0    -4.94
871    8150000000.0    -4.93
872    8200000000.0    -4.88
873    8250000000.0    -4.94
874    8300000000.0    -4.94
875    8350000000.0    -4.90
876    8400000000.0    -4.87
877    8450000000.0    -4.92
878    8500000000.0    -4.92
879    8550000000.0    -4.92
880    8600000000.0    -4.92
881    8650000000.0    -4.92
882    8700000000.0    -4.93
883    8750000000.0    -4.92
884    8800000000.0    -4.86
885    8850000000.0    -4.87
886    8900000000.0    -4.93
887    8950000000.0    -4.91
888    9000000000.0    -4.89
889    9050000000.0    -4.89
890    9100000000.0    -4.90
891    9150000000.0    -4.92
892    9200000000.0    -4.92
893    9250000000.0    -4.87
894    9300000000.0    -4.86
895    9350000000.0    -4.87
896    9400000000.0    -4.93
897    9450000000.0    -4.89
898    9500000000.0    -4.87
899    9500000000.1    -4.87
900    9550000000.0    -4.87
901    9600000000.0    -4.89
902    9650000000.0    -4.88
903    9700000000.0    -4.88
904    9750000000.0    -4.87
905    9800000000.0    -4.87
906    9850000000.0    -4.86
907    9900000000.0    -4.86
908    9950000000.0    -4.84
909    10000000000.0    -4.84
910    10050000000.0    -4.83
911    10100000000.0    -4.86
912    10150000000.0    -4.84
913    10200000000.0    -4.81
914    10250000000.0    -4.82
915    10300000000.0    -4.85
916    10350000000.0    -4.85
917    10400000000.0    -4.84
918    10450000000.0    -4.86
919    10500000000.0    -4.83
920    10550000000.0    -4.82
921    10600000000.0    -4.83
922    10650000000.0    -4.83
923    10700000000.0    -4.83
924    10750000000.0    -4.85
925    10800000000.0    -4.85
926    10850000000.0    -4.88
927    10900000000.0    -4.83
928    10950000000.0    -4.80
929    11000000000.0    -4.84
930    11050000000.0    -4.88
931    11100000000.0    -4.86
932    11150000000.0    -4.82
933    11200000000.0    -4.85
934    11250000000.0    -4.85
935    11300000000.0    -4.86
936    11350000000.0    -4.90
937    11400000000.0    -4.88
938    11450000000.0    -4.85
939    11500000000.0    -4.87
940    50000000.0    -9.94
941    100000000.0    -9.94
942    150000000.0    -9.93
943    200000000.0    -9.92
944    250000000.0    -9.91
945    300000000.0    -9.92
946    350000000.0    -9.90
947    400000000.0    -9.91
948    450000000.0    -9.90
949    500000000.0    -9.89
950    550000000.0    -9.87
951    600000000.0    -9.85
952    650000000.0    -9.84
953    700000000.0    -9.85
954    750000000.0    -9.83
955    800000000.0    -9.81
956    850000000.0    -9.81
957    900000000.0    -9.78
958    950000000.0    -9.73
959    1000000000.0    -9.68
960    1050000000.0    -9.70
961    1100000000.0    -9.78
962    1150000000.0    -9.86
963    1200000000.0    -9.89
964    1250000000.0    -9.81
965    1300000000.0    -9.79
966    1350000000.0    -9.81
967    1366250000.0    -9.81
968    1366250000.1    -9.80
969    1416250000.0    -9.76
970    1466250000.0    -9.78
971    1516250000.0    -9.72
972    1566250000.0    -9.79
973    1616250000.0    -9.79
974    1666250000.0    -9.74
975    1716250000.0    -9.81
976    1766250000.0    -9.77
977    1816250000.0    -9.73
978    1866250000.0    -9.80
979    1916250000.0    -9.84
980    1966250000.0    -9.84
981    2016250000.0    -9.88
982    2066250000.0    -9.87
983    2116250000.0    -9.87
984    2166250000.0    -9.87
985    2216250000.0    -9.87
986    2266250000.0    -9.87
987    2316250000.0    -9.88
988    2366250000.0    -9.88
989    2416250000.0    -9.89
990    2466250000.0    -9.89
991    2516250000.0    -9.87
992    2566250000.0    -9.87
993    2600000000.0    -9.87
994    2600000000.1    -9.87
995    2650000000.0    -9.88
996    2700000000.0    -9.89
997    2750000000.0    -9.90
998    2800000000.0    -9.89
999    2850000000.0    -9.90
1000    2900000000.0    -9.89
1001    2950000000.0    -9.89
1002    3000000000.0    -9.88
1003    3050000000.0    -9.89
1004    3100000000.0    -9.88
1005    3150000000.0    -9.89
1006    3200000000.0    -9.89
1007    3250000000.0    -9.89
1008    3300000000.0    -9.89
1009    3350000000.0    -9.89
1010    3400000000.0    -9.89
1011    3450000000.0    -9.90
1012    3500000000.0    -9.91
1013    3550000000.0    -9.90
1014    3600000000.0    -9.89
1015    3650000000.0    -9.87
1016    3700000000.0    -9.86
1017    3750000000.0    -9.88
1018    3800000000.0    -9.91
1019    3850000000.0    -9.91
1020    3900000000.0    -9.92
1021    3950000000.0    -9.92
1022    4000000000.0    -9.93
1023    4133750000.0    -9.91
1024    4133750000.1    -9.91
1025    4183750000.0    -9.91
1026    4233750000.0    -9.91
1027    4283750000.0    -9.92
1028    4333750000.0    -9.93
1029    4383750000.0    -9.93
1030    4433750000.0    -9.92
1031    4483750000.0    -9.91
1032    4533750000.0    -9.91
1033    4583750000.0    -9.90
1034    4633750000.0    -9.90
1035    4683750000.0    -9.92
1036    4733750000.0    -9.93
1037    4783750000.0    -9.93
1038    4833750000.0    -9.93
1039    4883750000.0    -9.93
1040    4933750000.0    -9.91
1041    4983750000.0    -9.90
1042    5033750000.0    -9.91
1043    5083750000.0    -9.91
1044    5133750000.0    -9.93
1045    5183750000.0    -9.94
1046    5233750000.0    -9.95
1047    5283750000.0    -9.94
1048    5333750000.0    -9.94
1049    5383750000.0    -9.94
1050    5433750000.0    -9.94
1051    5483750000.0    -9.94
1052    5533750000.0    -9.95
1053    5583750000.0    -9.95
1054    5633750000.0    -9.95
1055    5683750000.0    -9.94
1056    5733750000.0    -9.94
1057    5783750000.0    -9.94
1058    5833750000.0    -9.94
1059    5883750000.0    -9.93
1060    5933750000.0    -9.93
1061    5983750000.0    -9.94
1062    6033750000.0    -9.95
1063    6083750000.0    -9.96
1064    6133750000.0    -9.96
1065    6183750000.0    -9.96
1066    6233750000.0    -9.96
1067    6283750000.0    -9.96
1068    6333750000.0    -9.95
1069    6383750000.0    -9.94
1070    6433750000.0    -9.95
1071    6483750000.0    -10.00
1072    6533750000.0    -10.00
1073    6583750000.0    -9.97
1074    6633750000.0    -9.97
1075    6683750000.0    -10.00
1076    6733750000.0    -10.00
1077    6783750000.0    -9.96
1078    6833750000.0    -9.96
1079    6883750000.0    -9.95
1080    6933750000.0    -9.95
1081    6983750000.0    -9.96
1082    7033750000.0    -9.95
1083    7083750000.0    -9.95
1084    7133750000.0    -9.97
1085    7183750000.0    -10.00
1086    7233750000.0    -10.00
1087    7283750000.0    -10.00
1088    7333750000.0    -9.96
1089    7383750000.0    -9.94
1090    7433750000.0    -9.93
1091    7483750000.0    -9.93
1092    7500000000.0    -9.93
1093    7500000000.1    -9.92
1094    7550000000.0    -9.92
1095    7600000000.0    -9.93
1096    7650000000.0    -9.94
1097    7700000000.0    -9.95
1098    7750000000.0    -9.95
1099    7800000000.0    -9.94
1100    7850000000.0    -9.94
1101    7900000000.0    -9.93
1102    7950000000.0    -9.93
1103    8000000000.0    -9.93
1104    8050000000.0    -9.94
1105    8100000000.0    -9.94
1106    8150000000.0    -9.93
1107    8200000000.0    -9.91
1108    8250000000.0    -9.95
1109    8300000000.0    -9.93
1110    8350000000.0    -9.91
1111    8400000000.0    -9.90
1112    8450000000.0    -9.91
1113    8500000000.0    -9.91
1114    8550000000.0    -9.91
1115    8600000000.0    -9.90
1116    8650000000.0    -9.91
1117    8700000000.0    -9.90
1118    8750000000.0    -9.90
1119    8800000000.0    -9.89
1120    8850000000.0    -9.91
1121    8900000000.0    -9.92
1122    8950000000.0    -9.90
1123    9000000000.0    -9.88
1124    9050000000.0    -9.88
1125    9100000000.0    -9.88
1126    9150000000.0    -9.92
1127    9200000000.0    -9.93
1128    9250000000.0    -9.89
1129    9300000000.0    -9.89
1130    9350000000.0    -9.90
1131    9400000000.0    -9.93
1132    9450000000.0    -9.89
1133    9500000000.0    -9.86
1134    9500000000.1    -9.86
1135    9550000000.0    -9.87
1136    9600000000.0    -9.88
1137    9650000000.0    -9.87
1138    9700000000.0    -9.87
1139    9750000000.0    -9.86
1140    9800000000.0    -9.86
1141    9850000000.0    -9.85
1142    9900000000.0    -9.84
1143    9950000000.0    -9.85
1144    10000000000.0    -9.90
1145    10050000000.0    -9.85
1146    10100000000.0    -9.88
1147    10150000000.0    -9.82
1148    10200000000.0    -9.82
1149    10250000000.0    -9.84
1150    10300000000.0    -9.86
1151    10350000000.0    -9.85
1152    10400000000.0    -9.83
1153    10450000000.0    -9.84
1154    10500000000.0    -9.89
1155    10550000000.0    -9.86
1156    10600000000.0    -9.84
1157    10650000000.0    -9.82
1158    10700000000.0    -9.83
1159    10750000000.0    -9.84
1160    10800000000.0    -9.84
1161    10850000000.0    -9.89
1162    10900000000.0    -9.86
1163    10950000000.0    -9.85
1164    11000000000.0    -9.83
1165    11050000000.0    -9.82
1166    11100000000.0    -9.81
1167    11150000000.0    -9.86
1168    11200000000.0    -9.91
1169    11250000000.0    -9.87
1170    11300000000.0    -9.88
1171    11350000000.0    -9.91
1172    11400000000.0    -9.92
1173    11450000000.0    -9.90
1174    11500000000.0    -9.88
1175    50000000.0    -14.95
1176    100000000.0    -14.95
1177    150000000.0    -14.94
1178    200000000.0    -14.93
1179    250000000.0    -14.92
1180    300000000.0    -14.90
1181    350000000.0    -14.91
1182    400000000.0    -14.92
1183    450000000.0    -14.91
1184    500000000.0    -14.89
1185    550000000.0    -14.88
1186    600000000.0    -14.86
1187    650000000.0    -14.86
1188    700000000.0    -14.87
1189    750000000.0    -14.80
1190    800000000.0    -14.79
1191    850000000.0    -14.79
1192    900000000.0    -14.79
1193    950000000.0    -14.74
1194    1000000000.0    -14.69
1195    1050000000.0    -14.71
1196    1100000000.0    -14.76
1197    1150000000.0    -14.84
1198    1200000000.0    -14.90
1199    1250000000.0    -14.83
1200    1300000000.0    -14.75
1201    1350000000.0    -14.78
1202    1366250000.0    -14.78
1203    1366250000.1    -14.78
1204    1416250000.0    -14.75
1205    1466250000.0    -14.79
1206    1516250000.0    -14.73
1207    1566250000.0    -14.76
1208    1616250000.0    -14.77
1209    1666250000.0    -14.76
1210    1716250000.0    -14.82
1211    1766250000.0    -14.78
1212    1816250000.0    -14.74
1213    1866250000.0    -14.81
1214    1916250000.0    -14.81
1215    1966250000.0    -14.81
1216    2016250000.0    -14.87
1217    2066250000.0    -14.87
1218    2116250000.0    -14.87
1219    2166250000.0    -14.87
1220    2216250000.0    -14.87
1221    2266250000.0    -14.87
1222    2316250000.0    -14.87
1223    2366250000.0    -14.88
1224    2416250000.0    -14.89
1225    2466250000.0    -14.89
1226    2516250000.0    -14.88
1227    2566250000.0    -14.88
1228    2600000000.0    -14.87
1229    2600000000.1    -14.87
1230    2650000000.0    -14.89
1231    2700000000.0    -14.90
1232    2750000000.0    -14.90
1233    2800000000.0    -14.90
1234    2850000000.0    -14.91
1235    2900000000.0    -14.90
1236    2950000000.0    -14.91
1237    3000000000.0    -14.90
1238    3050000000.0    -14.90
1239    3100000000.0    -14.89
1240    3150000000.0    -14.90
1241    3200000000.0    -14.90
1242    3250000000.0    -14.90
1243    3300000000.0    -14.90
1244    3350000000.0    -14.90
1245    3400000000.0    -14.90
1246    3450000000.0    -14.90
1247    3500000000.0    -14.92
1248    3550000000.0    -14.91
1249    3600000000.0    -14.90
1250    3650000000.0    -14.88
1251    3700000000.0    -14.87
1252    3750000000.0    -14.89
1253    3800000000.0    -14.91
1254    3850000000.0    -14.91
1255    3900000000.0    -14.92
1256    3950000000.0    -14.92
1257    4000000000.0    -14.93
1258    4133750000.0    -14.92
1259    4133750000.1    -14.92
1260    4183750000.0    -14.91
1261    4233750000.0    -14.92
1262    4283750000.0    -14.93
1263    4333750000.0    -14.93
1264    4383750000.0    -14.93
1265    4433750000.0    -14.92
1266    4483750000.0    -14.92
1267    4533750000.0    -14.91
1268    4583750000.0    -14.91
1269    4633750000.0    -14.91
1270    4683750000.0    -14.93
1271    4733750000.0    -14.93
1272    4783750000.0    -14.94
1273    4833750000.0    -14.93
1274    4883750000.0    -14.93
1275    4933750000.0    -14.92
1276    4983750000.0    -14.91
1277    5033750000.0    -14.92
1278    5083750000.0    -14.92
1279    5133750000.0    -14.94
1280    5183750000.0    -14.95
1281    5233750000.0    -14.96
1282    5283750000.0    -14.94
1283    5333750000.0    -14.95
1284    5383750000.0    -14.94
1285    5433750000.0    -14.95
1286    5483750000.0    -14.94
1287    5533750000.0    -14.95
1288    5583750000.0    -14.96
1289    5633750000.0    -14.96
1290    5683750000.0    -14.95
1291    5733750000.0    -14.95
1292    5783750000.0    -14.94
1293    5833750000.0    -14.94
1294    5883750000.0    -14.93
1295    5933750000.0    -14.93
1296    5983750000.0    -14.94
1297    6033750000.0    -14.95
1298    6083750000.0    -14.96
1299    6133750000.0    -14.97
1300    6183750000.0    -14.96
1301    6233750000.0    -14.96
1302    6283750000.0    -14.96
1303    6333750000.0    -14.95
1304    6383750000.0    -14.94
1305    6433750000.0    -14.96
1306    6483750000.0    -15.00
1307    6533750000.0    -15.00
1308    6583750000.0    -15.00
1309    6633750000.0    -15.00
1310    6683750000.0    -15.00
1311    6733750000.0    -15.00
1312    6783750000.0    -15.00
1313    6833750000.0    -14.96
1314    6883750000.0    -14.96
1315    6933750000.0    -14.96
1316    6983750000.0    -15.00
1317    7033750000.0    -14.97
1318    7083750000.0    -14.96
1319    7133750000.0    -15.00
1320    7183750000.0    -15.00
1321    7233750000.0    -15.00
1322    7283750000.0    -15.00
1323    7333750000.0    -15.00
1324    7383750000.0    -14.95
1325    7433750000.0    -14.94
1326    7483750000.0    -14.94
1327    7500000000.0    -14.94
1328    7500000000.1    -14.94
1329    7550000000.0    -14.93
1330    7600000000.0    -14.94
1331    7650000000.0    -14.95
1332    7700000000.0    -14.96
1333    7750000000.0    -14.95
1334    7800000000.0    -14.95
1335    7850000000.0    -14.94
1336    7900000000.0    -14.93
1337    7950000000.0    -14.94
1338    8000000000.0    -14.93
1339    8050000000.0    -14.94
1340    8100000000.0    -14.94
1341    8150000000.0    -14.93
1342    8200000000.0    -14.91
1343    8250000000.0    -14.91
1344    8300000000.0    -14.90
1345    8350000000.0    -14.91
1346    8400000000.0    -14.90
1347    8450000000.0    -14.91
1348    8500000000.0    -14.91
1349    8550000000.0    -14.91
1350    8600000000.0    -14.90
1351    8650000000.0    -14.91
1352    8700000000.0    -14.90
1353    8750000000.0    -14.90
1354    8800000000.0    -14.90
1355    8850000000.0    -14.91
1356    8900000000.0    -14.92
1357    8950000000.0    -14.90
1358    9000000000.0    -14.88
1359    9050000000.0    -14.88
1360    9100000000.0    -14.88
1361    9150000000.0    -14.88
1362    9200000000.0    -14.89
1363    9250000000.0    -14.89
1364    9300000000.0    -14.89
1365    9350000000.0    -14.91
1366    9400000000.0    -14.94
1367    9450000000.0    -14.89
1368    9500000000.0    -14.87
1369    9500000000.1    -14.87
1370    9550000000.0    -14.87
1371    9600000000.0    -14.89
1372    9650000000.0    -14.88
1373    9700000000.0    -14.88
1374    9750000000.0    -14.87
1375    9800000000.0    -14.86
1376    9850000000.0    -14.85
1377    9900000000.0    -14.85
1378    9950000000.0    -14.85
1379    10000000000.0    -14.88
1380    10050000000.0    -14.85
1381    10100000000.0    -14.85
1382    10150000000.0    -14.83
1383    10200000000.0    -14.82
1384    10250000000.0    -14.84
1385    10300000000.0    -14.87
1386    10350000000.0    -14.85
1387    10400000000.0    -14.83
1388    10450000000.0    -14.84
1389    10500000000.0    -14.85
1390    10550000000.0    -14.83
1391    10600000000.0    -14.80
1392    10650000000.0    -14.82
1393    10700000000.0    -14.83
1394    10750000000.0    -14.84
1395    10800000000.0    -14.83
1396    10850000000.0    -14.85
1397    10900000000.0    -14.85
1398    10950000000.0    -14.85
1399    11000000000.0    -14.82
1400    11050000000.0    -14.82
1401    11100000000.0    -14.81
1402    11150000000.0    -14.86
1403    11200000000.0    -14.90
1404    11250000000.0    -14.87
1405    11300000000.0    -14.82
1406    11350000000.0    -14.85
1407    11400000000.0    -14.87
1408    11450000000.0    -14.86
1409    11500000000.0    -14.84
1410    50000000.0    -19.96
1411    100000000.0    -20.00
1412    150000000.0    -19.95
1413    200000000.0    -19.94
1414    250000000.0    -19.94
1415    300000000.0    -19.90
1416    350000000.0    -19.92
1417    400000000.0    -19.91
1418    450000000.0    -19.93
1419    500000000.0    -19.89
1420    550000000.0    -19.91
1421    600000000.0    -19.86
1422    650000000.0    -19.87
1423    700000000.0    -19.89
1424    750000000.0    -19.80
1425    800000000.0    -19.81
1426    850000000.0    -19.80
1427    900000000.0    -19.79
1428    950000000.0    -19.76
1429    1000000000.0    -19.71
1430    1050000000.0    -19.73
1431    1100000000.0    -19.78
1432    1150000000.0    -19.85
1433    1200000000.0    -19.91
1434    1250000000.0    -19.84
1435    1300000000.0    -19.78
1436    1350000000.0    -19.81
1437    1366250000.0    -19.80
1438    1366250000.1    -19.80
1439    1416250000.0    -19.75
1440    1466250000.0    -19.80
1441    1516250000.0    -19.73
1442    1566250000.0    -19.77
1443    1616250000.0    -19.77
1444    1666250000.0    -19.77
1445    1716250000.0    -19.83
1446    1766250000.0    -19.80
1447    1816250000.0    -19.73
1448    1866250000.0    -19.81
1449    1916250000.0    -19.82
1450    1966250000.0    -19.81
1451    2016250000.0    -19.86
1452    2066250000.0    -19.88
1453    2116250000.0    -19.85
1454    2166250000.0    -19.86
1455    2216250000.0    -19.86
1456    2266250000.0    -19.86
1457    2316250000.0    -19.86
1458    2366250000.0    -19.90
1459    2416250000.0    -19.89
1460    2466250000.0    -19.91
1461    2516250000.0    -19.89
1462    2566250000.0    -19.89
1463    2600000000.0    -19.89
1464    2600000000.1    -19.89
1465    2650000000.0    -19.91
1466    2700000000.0    -19.92
1467    2750000000.0    -19.93
1468    2800000000.0    -19.90
1469    2850000000.0    -19.91
1470    2900000000.0    -19.93
1471    2950000000.0    -19.94
1472    3000000000.0    -19.90
1473    3050000000.0    -19.90
1474    3100000000.0    -19.89
1475    3150000000.0    -19.93
1476    3200000000.0    -19.93
1477    3250000000.0    -19.93
1478    3300000000.0    -19.92
1479    3350000000.0    -19.93
1480    3400000000.0    -19.92
1481    3450000000.0    -19.93
1482    3500000000.0    -19.94
1483    3550000000.0    -19.93
1484    3600000000.0    -19.92
1485    3650000000.0    -19.90
1486    3700000000.0    -19.89
1487    3750000000.0    -19.88
1488    3800000000.0    -19.93
1489    3850000000.0    -19.91
1490    3900000000.0    -19.94
1491    3950000000.0    -19.94
1492    4000000000.0    -19.95
1493    4133750000.0    -19.94
1494    4133750000.1    -19.93
1495    4183750000.0    -19.94
1496    4233750000.0    -19.94
1497    4283750000.0    -19.95
1498    4333750000.0    -19.95
1499    4383750000.0    -19.96
1500    4433750000.0    -19.95
1501    4483750000.0    -19.95
1502    4533750000.0    -19.94
1503    4583750000.0    -19.93
1504    4633750000.0    -19.94
1505    4683750000.0    -19.95
1506    4733750000.0    -19.97
1507    4783750000.0    -20.00
1508    4833750000.0    -19.97
1509    4883750000.0    -20.00
1510    4933750000.0    -19.93
1511    4983750000.0    -19.92
1512    5033750000.0    -19.93
1513    5083750000.0    -19.93
1514    5133750000.0    -20.00
1515    5183750000.0    -20.00
1516    5233750000.0    -20.00
1517    5283750000.0    -20.00
1518    5333750000.0    -20.00
1519    5383750000.0    -20.00
1520    5433750000.0    -20.00
1521    5483750000.0    -20.00
1522    5533750000.0    -20.00
1523    5583750000.0    -20.00
1524    5633750000.0    -20.00
1525    5683750000.0    -20.00
1526    5733750000.0    -20.00
1527    5783750000.0    -20.00
1528    5833750000.0    -20.00
1529    5883750000.0    -19.93
1530    5933750000.0    -19.93
1531    5983750000.0    -20.00
1532    6033750000.0    -20.00
1533    6083750000.0    -20.00
1534    6133750000.0    -20.00
1535    6183750000.0    -20.00
1536    6233750000.0    -20.00
1537    6283750000.0    -20.00
1538    6333750000.0    -20.00
1539    6383750000.0    -20.00
1540    6433750000.0    -20.00
1541    6483750000.0    -20.00
1542    6533750000.0    -20.00
1543    6583750000.0    -20.00
1544    6633750000.0    -20.00
1545    6683750000.0    -20.00
1546    6733750000.0    -20.00
1547    6783750000.0    -20.00
1548    6833750000.0    -20.00
1549    6883750000.0    -20.00
1550    6933750000.0    -20.00
1551    6983750000.0    -20.00
1552    7033750000.0    -20.00
1553    7083750000.0    -20.00
1554    7133750000.0    -20.03
1555    7183750000.0    -20.06
1556    7233750000.0    -20.05
1557    7283750000.0    -20.00
1558    7333750000.0    -20.00
1559    7383750000.0    -20.00
1560    7433750000.0    -19.96
1561    7483750000.0    -19.96
1562    7500000000.0    -19.96
1563    7500000000.1    -19.96
1564    7550000000.0    -19.96
1565    7600000000.0    -20.00
1566    7650000000.0    -20.00
1567    7700000000.0    -20.00
1568    7750000000.0    -20.00
1569    7800000000.0    -20.00
1570    7850000000.0    -19.97
1571    7900000000.0    -19.96
1572    7950000000.0    -19.96
1573    8000000000.0    -19.96
1574    8050000000.0    -20.00
1575    8100000000.0    -20.00
1576    8150000000.0    -19.93
1577    8200000000.0    -19.91
1578    8250000000.0    -19.94
1579    8300000000.0    -19.93
1580    8350000000.0    -19.93
1581    8400000000.0    -19.92
1582    8450000000.0    -19.94
1583    8500000000.0    -19.94
1584    8550000000.0    -19.91
1585    8600000000.0    -19.90
1586    8650000000.0    -19.91
1587    8700000000.0    -19.91
1588    8750000000.0    -19.93
1589    8800000000.0    -19.91
1590    8850000000.0    -19.92
1591    8900000000.0    -19.94
1592    8950000000.0    -19.90
1593    9000000000.0    -19.89
1594    9050000000.0    -19.89
1595    9100000000.0    -19.89
1596    9150000000.0    -19.89
1597    9200000000.0    -19.90
1598    9250000000.0    -19.89
1599    9300000000.0    -19.91
1600    9350000000.0    -19.93
1601    9400000000.0    -19.96
1602    9450000000.0    -19.93
1603    9500000000.0    -19.88
1604    9500000000.1    -19.87
1605    9550000000.0    -19.88
1606    9600000000.0    -19.89
1607    9650000000.0    -19.89
1608    9700000000.0    -19.91
1609    9750000000.0    -19.87
1610    9800000000.0    -19.87
1611    9850000000.0    -19.86
1612    9900000000.0    -19.86
1613    9950000000.0    -19.87
1614    10000000000.0    -19.88
1615    10050000000.0    -19.87
1616    10100000000.0    -19.85
1617    10150000000.0    -19.83
1618    10200000000.0    -19.83
1619    10250000000.0    -19.84
1620    10300000000.0    -19.90
1621    10350000000.0    -19.88
1622    10400000000.0    -19.86
1623    10450000000.0    -19.87
1624    10500000000.0    -19.85
1625    10550000000.0    -19.83
1626    10600000000.0    -19.80
1627    10650000000.0    -19.82
1628    10700000000.0    -19.84
1629    10750000000.0    -19.83
1630    10800000000.0    -19.82
1631    10850000000.0    -19.85
1632    10900000000.0    -19.85
1633    10950000000.0    -19.84
1634    11000000000.0    -19.82
1635    11050000000.0    -19.82
1636    11100000000.0    -19.81
1637    11150000000.0    -19.86
1638    11200000000.0    -19.90
1639    11250000000.0    -19.87
1640    11300000000.0    -19.82
1641    11350000000.0    -19.87
1642    11400000000.0    -19.89
1643    11450000000.0    -19.88
1644    11500000000.0    -19.86
1645    50000000.0    -24.96
1646    100000000.0    -25.00
1647    150000000.0    -24.96
1648    200000000.0    -24.95
1649    250000000.0    -24.94
1650    300000000.0    -24.91
1651    350000000.0    -24.92
1652    400000000.0    -24.95
1653    450000000.0    -24.94
1654    500000000.0    -24.94
1655    550000000.0    -24.92
1656    600000000.0    -24.90
1657    650000000.0    -24.88
1658    700000000.0    -24.90
1659    750000000.0    -24.85
1660    800000000.0    -24.82
1661    850000000.0    -24.80
1662    900000000.0    -24.80
1663    950000000.0    -24.77
1664    1000000000.0    -24.71
1665    1050000000.0    -24.73
1666    1100000000.0    -24.79
1667    1150000000.0    -24.86
1668    1200000000.0    -24.91
1669    1250000000.0    -24.84
1670    1300000000.0    -24.79
1671    1350000000.0    -24.81
1672    1366250000.0    -24.80
1673    1366250000.1    -24.80
1674    1416250000.0    -24.77
1675    1466250000.0    -24.81
1676    1516250000.0    -24.74
1677    1566250000.0    -24.77
1678    1616250000.0    -24.78
1679    1666250000.0    -24.78
1680    1716250000.0    -24.85
1681    1766250000.0    -24.80
1682    1816250000.0    -24.74
1683    1866250000.0    -24.82
1684    1916250000.0    -24.83
1685    1966250000.0    -24.84
1686    2016250000.0    -24.88
1687    2066250000.0    -24.88
1688    2116250000.0    -24.88
1689    2166250000.0    -24.89
1690    2216250000.0    -24.89
1691    2266250000.0    -24.89
1692    2316250000.0    -24.89
1693    2366250000.0    -24.90
1694    2416250000.0    -24.92
1695    2466250000.0    -24.91
1696    2516250000.0    -24.89
1697    2566250000.0    -24.89
1698    2600000000.0    -24.89
1699    2600000000.1    -24.89
1700    2650000000.0    -24.91
1701    2700000000.0    -24.93
1702    2750000000.0    -24.93
1703    2800000000.0    -24.93
1704    2850000000.0    -24.94
1705    2900000000.0    -24.94
1706    2950000000.0    -24.94
1707    3000000000.0    -24.94
1708    3050000000.0    -24.94
1709    3100000000.0    -24.93
1710    3150000000.0    -24.93
1711    3200000000.0    -24.93
1712    3250000000.0    -24.93
1713    3300000000.0    -24.92
1714    3350000000.0    -24.92
1715    3400000000.0    -24.92
1716    3450000000.0    -24.92
1717    3500000000.0    -24.94
1718    3550000000.0    -24.93
1719    3600000000.0    -24.91
1720    3650000000.0    -24.89
1721    3700000000.0    -24.88
1722    3750000000.0    -24.90
1723    3800000000.0    -24.93
1724    3850000000.0    -24.93
1725    3900000000.0    -24.93
1726    3950000000.0    -24.93
1727    4000000000.0    -24.94
1728    4133750000.0    -24.93
1729    4133750000.1    -24.93
1730    4183750000.0    -24.93
1731    4233750000.0    -24.93
1732    4283750000.0    -24.95
1733    4333750000.0    -24.95
1734    4383750000.0    -24.95
1735    4433750000.0    -24.95
1736    4483750000.0    -24.94
1737    4533750000.0    -24.93
1738    4583750000.0    -24.93
1739    4633750000.0    -24.94
1740    4683750000.0    -24.95
1741    4733750000.0    -24.96
1742    4783750000.0    -24.97
1743    4833750000.0    -24.97
1744    4883750000.0    -24.97
1745    4933750000.0    -24.96
1746    4983750000.0    -24.95
1747    5033750000.0    -24.96
1748    5083750000.0    -24.96
1749    5133750000.0    -25.00
1750    5183750000.0    -25.00
1751    5233750000.0    -25.00
1752    5283750000.0    -25.00
1753    5333750000.0    -25.00
1754    5383750000.0    -24.97
1755    5433750000.0    -25.00
1756    5483750000.0    -24.97
1757    5533750000.0    -25.00
1758    5583750000.0    -25.00
1759    5633750000.0    -25.00
1760    5683750000.0    -24.97
1761    5733750000.0    -24.97
1762    5783750000.0    -24.96
1763    5833750000.0    -24.96
1764    5883750000.0    -24.95
1765    5933750000.0    -24.95
1766    5983750000.0    -24.96
1767    6033750000.0    -25.00
1768    6083750000.0    -25.00
1769    6133750000.0    -25.00
1770    6183750000.0    -25.00
1771    6233750000.0    -25.00
1772    6283750000.0    -25.00
1773    6333750000.0    -24.97
1774    6383750000.0    -24.96
1775    6433750000.0    -25.00
1776    6483750000.0    -25.00
1777    6533750000.0    -25.00
1778    6583750000.0    -25.00
1779    6633750000.0    -25.00
1780    6683750000.0    -25.00
1781    6733750000.0    -25.00
1782    6783750000.0    -25.00
1783    6833750000.0    -25.00
1784    6883750000.0    -25.00
1785    6933750000.0    -25.00
1786    6983750000.0    -25.00
1787    7033750000.0    -25.00
1788    7083750000.0    -25.00
1789    7133750000.0    -25.00
1790    7183750000.0    -25.04
1791    7233750000.0    -25.03
1792    7283750000.0    -25.00
1793    7333750000.0    -25.00
1794    7383750000.0    -24.96
1795    7433750000.0    -24.95
1796    7483750000.0    -24.95
1797    7500000000.0    -24.95
1798    7500000000.1    -24.95
1799    7550000000.0    -24.95
1800    7600000000.0    -24.96
1801    7650000000.0    -24.97
1802    7700000000.0    -25.00
1803    7750000000.0    -25.00
1804    7800000000.0    -24.96
1805    7850000000.0    -24.95
1806    7900000000.0    -24.95
1807    7950000000.0    -24.95
1808    8000000000.0    -24.95
1809    8050000000.0    -24.96
1810    8100000000.0    -24.97
1811    8150000000.0    -24.95
1812    8200000000.0    -24.93
1813    8250000000.0    -24.93
1814    8300000000.0    -24.91
1815    8350000000.0    -24.92
1816    8400000000.0    -24.91
1817    8450000000.0    -24.93
1818    8500000000.0    -24.93
1819    8550000000.0    -24.94
1820    8600000000.0    -24.94
1821    8650000000.0    -24.94
1822    8700000000.0    -24.93
1823    8750000000.0    -24.92
1824    8800000000.0    -24.90
1825    8850000000.0    -24.91
1826    8900000000.0    -24.93
1827    8950000000.0    -24.93
1828    9000000000.0    -24.92
1829    9050000000.0    -24.93
1830    9100000000.0    -24.94
1831    9150000000.0    -24.93
1832    9200000000.0    -24.93
1833    9250000000.0    -24.92
1834    9300000000.0    -24.90
1835    9350000000.0    -24.92
1836    9400000000.0    -24.95
1837    9450000000.0    -24.91
1838    9500000000.0    -24.89
1839    9500000000.1    -24.89
1840    9550000000.0    -24.90
1841    9600000000.0    -24.92
1842    9650000000.0    -24.91
1843    9700000000.0    -24.90
1844    9750000000.0    -24.89
1845    9800000000.0    -24.89
1846    9850000000.0    -24.88
1847    9900000000.0    -24.88
1848    9950000000.0    -24.89
1849    10000000000.0    -24.92
1850    10050000000.0    -24.89
1851    10100000000.0    -24.89
1852    10150000000.0    -24.86
1853    10200000000.0    -24.85
1854    10250000000.0    -24.86
1855    10300000000.0    -24.88
1856    10350000000.0    -24.86
1857    10400000000.0    -24.84
1858    10450000000.0    -24.85
1859    10500000000.0    -24.86
1860    10550000000.0    -24.84
1861    10600000000.0    -24.82
1862    10650000000.0    -24.84
1863    10700000000.0    -24.85
1864    10750000000.0    -24.85
1865    10800000000.0    -24.84
1866    10850000000.0    -24.86
1867    10900000000.0    -24.87
1868    10950000000.0    -24.86
1869    11000000000.0    -24.84
1870    11050000000.0    -24.83
1871    11100000000.0    -24.83
1872    11150000000.0    -24.88
1873    11200000000.0    -24.92
1874    11250000000.0    -24.88
1875    11300000000.0    -24.83
1876    11350000000.0    -24.85
1877    11400000000.0    -24.87
1878    11450000000.0    -24.86
1879    11500000000.0    -24.85
1880    50000000.0    -30.00
1881    100000000.0    -30.00
1882    150000000.0    -29.99
1883    200000000.0    -29.96
1884    250000000.0    -29.98
1885    300000000.0    -29.96
1886    350000000.0    -29.93
1887    400000000.0    -29.96
1888    450000000.0    -29.95
1889    500000000.0    -29.97
1890    550000000.0    -29.93
1891    600000000.0    -29.91
1892    650000000.0    -29.89
1893    700000000.0    -29.90
1894    750000000.0    -29.88
1895    800000000.0    -29.82
1896    850000000.0    -29.80
1897    900000000.0    -29.83
1898    950000000.0    -29.81
1899    1000000000.0    -29.74
1900    1050000000.0    -29.73
1901    1100000000.0    -29.82
1902    1150000000.0    -29.89
1903    1200000000.0    -29.95
1904    1250000000.0    -29.87
1905    1300000000.0    -29.81
1906    1350000000.0    -29.84
1907    1366250000.0    -29.84
1908    1366250000.1    -29.83
1909    1416250000.0    -29.79
1910    1466250000.0    -29.81
1911    1516250000.0    -29.77
1912    1566250000.0    -29.81
1913    1616250000.0    -29.81
1914    1666250000.0    -29.82
1915    1716250000.0    -29.87
1916    1766250000.0    -29.84
1917    1816250000.0    -29.77
1918    1866250000.0    -29.85
1919    1916250000.0    -29.87
1920    1966250000.0    -29.88
1921    2016250000.0    -29.89
1922    2066250000.0    -29.89
1923    2116250000.0    -29.89
1924    2166250000.0    -29.89
1925    2216250000.0    -29.90
1926    2266250000.0    -29.90
1927    2316250000.0    -29.91
1928    2366250000.0    -29.94
1929    2416250000.0    -29.96
1930    2466250000.0    -29.92
1931    2516250000.0    -29.90
1932    2566250000.0    -29.90
1933    2600000000.0    -29.90
1934    2600000000.1    -29.92
1935    2650000000.0    -29.95
1936    2700000000.0    -29.93
1937    2750000000.0    -29.95
1938    2800000000.0    -29.97
1939    2850000000.0    -29.95
1940    2900000000.0    -29.98
1941    2950000000.0    -29.98
1942    3000000000.0    -29.95
1943    3050000000.0    -29.98
1944    3100000000.0    -29.95
1945    3150000000.0    -29.98
1946    3200000000.0    -29.96
1947    3250000000.0    -29.97
1948    3300000000.0    -29.93
1949    3350000000.0    -29.93
1950    3400000000.0    -29.95
1951    3450000000.0    -29.96
1952    3500000000.0    -29.97
1953    3550000000.0    -29.93
1954    3600000000.0    -29.92
1955    3650000000.0    -29.93
1956    3700000000.0    -29.89
1957    3750000000.0    -29.91
1958    3800000000.0    -29.94
1959    3850000000.0    -29.97
1960    3900000000.0    -29.94
1961    3950000000.0    -29.95
1962    4000000000.0    -29.97
1963    4133750000.0    -29.94
1964    4133750000.1    -29.94
1965    4183750000.0    -29.93
1966    4233750000.0    -29.97
1967    4283750000.0    -29.96
1968    4333750000.0    -29.95
1969    4383750000.0    -29.96
1970    4433750000.0    -29.96
1971    4483750000.0    -29.98
1972    4533750000.0    -29.94
1973    4583750000.0    -29.97
1974    4633750000.0    -29.95
1975    4683750000.0    -29.95
1976    4733750000.0    -29.96
1977    4783750000.0    -30.00
1978    4833750000.0    -30.00
1979    4883750000.0    -30.00
1980    4933750000.0    -29.97
1981    4983750000.0    -29.96
1982    5033750000.0    -29.99
1983    5083750000.0    -29.99
1984    5133750000.0    -30.00
1985    5183750000.0    -30.00
1986    5233750000.0    -30.00
1987    5283750000.0    -30.00
1988    5333750000.0    -30.00
1989    5383750000.0    -30.00
1990    5433750000.0    -30.00
1991    5483750000.0    -30.00
1992    5533750000.0    -30.00
1993    5583750000.0    -30.00
1994    5633750000.0    -30.00
1995    5683750000.0    -29.97
1996    5733750000.0    -30.00
1997    5783750000.0    -30.00
1998    5833750000.0    -29.96
1999    5883750000.0    -29.96
2000    5933750000.0    -29.96
2001    5983750000.0    -29.99
2002    6033750000.0    -30.00
2003    6083750000.0    -30.00
2004    6133750000.0    -30.00
2005    6183750000.0    -30.00
2006    6233750000.0    -30.00
2007    6283750000.0    -30.00
2008    6333750000.0    -30.00
2009    6383750000.0    -29.99
2010    6433750000.0    -30.00
2011    6483750000.0    -30.00
2012    6533750000.0    -30.00
2013    6583750000.0    -30.00
2014    6633750000.0    -30.00
2015    6683750000.0    -30.00
2016    6733750000.0    -30.00
2017    6783750000.0    -30.00
2018    6833750000.0    -30.00
2019    6883750000.0    -30.00
2020    6933750000.0    -30.00
2021    6983750000.0    -30.00
2022    7033750000.0    -30.00
2023    7083750000.0    -30.00
2024    7133750000.0    -30.00
2025    7183750000.0    -30.05
2026    7233750000.0    -30.04
2027    7283750000.0    -30.00
2028    7333750000.0    -30.00
2029    7383750000.0    -29.96
2030    7433750000.0    -29.96
2031    7483750000.0    -29.95
2032    7500000000.0    -29.95
2033    7500000000.1    -29.95
2034    7550000000.0    -29.95
2035    7600000000.0    -30.00
2036    7650000000.0    -30.00
2037    7700000000.0    -30.00
2038    7750000000.0    -30.00
2039    7800000000.0    -29.97
2040    7850000000.0    -29.99
2041    7900000000.0    -29.98
2042    7950000000.0    -29.96
2043    8000000000.0    -29.96
2044    8050000000.0    -30.00
2045    8100000000.0    -30.00
2046    8150000000.0    -30.00
2047    8200000000.0    -29.94
2048    8250000000.0    -29.94
2049    8300000000.0    -29.92
2050    8350000000.0    -29.93
2051    8400000000.0    -29.92
2052    8450000000.0    -29.96
2053    8500000000.0    -29.94
2054    8550000000.0    -29.95
2055    8600000000.0    -29.94
2056    8650000000.0    -29.95
2057    8700000000.0    -29.93
2058    8750000000.0    -29.93
2059    8800000000.0    -29.94
2060    8850000000.0    -29.93
2061    8900000000.0    -29.94
2062    8950000000.0    -29.94
2063    9000000000.0    -29.93
2064    9050000000.0    -29.94
2065    9100000000.0    -29.95
2066    9150000000.0    -29.98
2067    9200000000.0    -29.96
2068    9250000000.0    -29.92
2069    9300000000.0    -29.91
2070    9350000000.0    -29.93
2071    9400000000.0    -29.95
2072    9450000000.0    -29.92
2073    9500000000.0    -29.90
2074    9500000000.1    -29.92
2075    9550000000.0    -29.93
2076    9600000000.0    -29.92
2077    9650000000.0    -29.92
2078    9700000000.0    -29.91
2079    9750000000.0    -29.91
2080    9800000000.0    -29.89
2081    9850000000.0    -29.89
2082    9900000000.0    -29.91
2083    9950000000.0    -29.93
2084    10000000000.0    -29.93
2085    10050000000.0    -29.90
2086    10100000000.0    -29.90
2087    10150000000.0    -29.87
2088    10200000000.0    -29.89
2089    10250000000.0    -29.86
2090    10300000000.0    -29.88
2091    10350000000.0    -29.86
2092    10400000000.0    -29.87
2093    10450000000.0    -29.88
2094    10500000000.0    -29.87
2095    10550000000.0    -29.85
2096    10600000000.0    -29.86
2097    10650000000.0    -29.87
2098    10700000000.0    -29.85
2099    10750000000.0    -29.86
2100    10800000000.0    -29.85
2101    10850000000.0    -29.89
2102    10900000000.0    -29.87
2103    10950000000.0    -29.89
2104    11000000000.0    -29.87
2105    11050000000.0    -29.87
2106    11100000000.0    -29.87
2107    11150000000.0    -29.88
2108    11200000000.0    -29.96
2109    11250000000.0    -29.92
2110    11300000000.0    -29.86
2111    11350000000.0    -29.89
2112    11400000000.0    -29.90
2113    11450000000.0    -29.90
2114    11500000000.0    -29.88
2115    50000000.0    -35.00
2116    100000000.0    -35.00
2117    150000000.0    -35.00
2118    200000000.0    -34.97
2119    250000000.0    -35.00
2120    300000000.0    -34.90
2121    350000000.0    -34.96
2122    400000000.0    -35.00
2123    450000000.0    -34.97
2124    500000000.0    -34.95
2125    550000000.0    -34.94
2126    600000000.0    -34.93
2127    650000000.0    -34.90
2128    700000000.0    -34.93
2129    750000000.0    -34.87
2130    800000000.0    -34.85
2131    850000000.0    -34.81
2132    900000000.0    -34.84
2133    950000000.0    -34.78
2134    1000000000.0    -34.74
2135    1050000000.0    -34.76
2136    1100000000.0    -34.81
2137    1150000000.0    -34.86
2138    1200000000.0    -34.91
2139    1250000000.0    -34.88
2140    1300000000.0    -34.81
2141    1350000000.0    -34.82
2142    1366250000.0    -34.81
2143    1366250000.1    -34.81
2144    1416250000.0    -34.77
2145    1466250000.0    -34.83
2146    1516250000.0    -34.76
2147    1566250000.0    -34.78
2148    1616250000.0    -34.81
2149    1666250000.0    -34.81
2150    1716250000.0    -34.86
2151    1766250000.0    -34.84
2152    1816250000.0    -34.75
2153    1866250000.0    -34.80
2154    1916250000.0    -34.85
2155    1966250000.0    -34.88
2156    2016250000.0    -34.92
2157    2066250000.0    -34.90
2158    2116250000.0    -34.91
2159    2166250000.0    -34.88
2160    2216250000.0    -34.90
2161    2266250000.0    -34.89
2162    2316250000.0    -34.90
2163    2366250000.0    -34.94
2164    2416250000.0    -34.95
2165    2466250000.0    -34.92
2166    2516250000.0    -34.90
2167    2566250000.0    -34.90
2168    2600000000.0    -34.92
2169    2600000000.1    -34.90
2170    2650000000.0    -34.93
2171    2700000000.0    -34.95
2172    2750000000.0    -34.97
2173    2800000000.0    -34.95
2174    2850000000.0    -35.00
2175    2900000000.0    -34.96
2176    2950000000.0    -34.94
2177    3000000000.0    -34.95
2178    3050000000.0    -35.00
2179    3100000000.0    -34.95
2180    3150000000.0    -34.94
2181    3200000000.0    -34.94
2182    3250000000.0    -34.94
2183    3300000000.0    -34.93
2184    3350000000.0    -34.94
2185    3400000000.0    -34.93
2186    3450000000.0    -34.96
2187    3500000000.0    -34.95
2188    3550000000.0    -34.95
2189    3600000000.0    -34.94
2190    3650000000.0    -34.92
2191    3700000000.0    -34.89
2192    3750000000.0    -34.95
2193    3800000000.0    -34.96
2194    3850000000.0    -34.95
2195    3900000000.0    -34.96
2196    3950000000.0    -34.94
2197    4000000000.0    -34.95
2198    4133750000.0    -34.94
2199    4133750000.1    -34.94
2200    4183750000.0    -34.97
2201    4233750000.0    -34.96
2202    4283750000.0    -34.96
2203    4333750000.0    -34.96
2204    4383750000.0    -34.97
2205    4433750000.0    -34.96
2206    4483750000.0    -34.96
2207    4533750000.0    -34.94
2208    4583750000.0    -34.94
2209    4633750000.0    -34.95
2210    4683750000.0    -35.00
2211    4733750000.0    -34.96
2212    4783750000.0    -35.00
2213    4833750000.0    -35.00
2214    4883750000.0    -35.00
2215    4933750000.0    -35.00
2216    4983750000.0    -34.97
2217    5033750000.0    -34.95
2218    5083750000.0    -34.97
2219    5133750000.0    -35.00
2220    5183750000.0    -35.00
2221    5233750000.0    -35.00
2222    5283750000.0    -35.00
2223    5333750000.0    -35.00
2224    5383750000.0    -34.97
2225    5433750000.0    -35.00
2226    5483750000.0    -35.00
2227    5533750000.0    -35.00
2228    5583750000.0    -35.00
2229    5633750000.0    -35.00
2230    5683750000.0    -35.00
2231    5733750000.0    -35.00
2232    5783750000.0    -35.00
2233    5833750000.0    -35.00
2234    5883750000.0    -34.95
2235    5933750000.0    -34.97
2236    5983750000.0    -35.00
2237    6033750000.0    -35.00
2238    6083750000.0    -35.00
2239    6133750000.0    -35.00
2240    6183750000.0    -35.00
2241    6233750000.0    -35.00
2242    6283750000.0    -35.00
2243    6333750000.0    -35.00
2244    6383750000.0    -34.96
2245    6433750000.0    -35.00
2246    6483750000.0    -35.00
2247    6533750000.0    -35.03
2248    6583750000.0    -35.00
2249    6633750000.0    -35.00
2250    6683750000.0    -35.04
2251    6733750000.0    -35.03
2252    6783750000.0    -35.00
2253    6833750000.0    -35.00
2254    6883750000.0    -35.00
2255    6933750000.0    -35.00
2256    6983750000.0    -35.00
2257    7033750000.0    -35.00
2258    7083750000.0    -35.00
2259    7133750000.0    -35.03
2260    7183750000.0    -35.07
2261    7233750000.0    -35.00
2262    7283750000.0    -35.00
2263    7333750000.0    -35.00
2264    7383750000.0    -35.00
2265    7433750000.0    -34.96
2266    7483750000.0    -34.97
2267    7500000000.0    -34.98
2268    7500000000.1    -34.97
2269    7550000000.0    -34.97
2270    7600000000.0    -34.96
2271    7650000000.0    -35.00
2272    7700000000.0    -35.00
2273    7750000000.0    -35.00
2274    7800000000.0    -35.00
2275    7850000000.0    -35.00
2276    7900000000.0    -34.93
2277    7950000000.0    -35.00
2278    8000000000.0    -35.00
2279    8050000000.0    -35.00
2280    8100000000.0    -35.00
2281    8150000000.0    -35.00
2282    8200000000.0    -34.95
2283    8250000000.0    -35.00
2284    8300000000.0    -34.92
2285    8350000000.0    -34.91
2286    8400000000.0    -34.93
2287    8450000000.0    -34.94
2288    8500000000.0    -34.95
2289    8550000000.0    -35.00
2290    8600000000.0    -34.95
2291    8650000000.0    -34.96
2292    8700000000.0    -34.96
2293    8750000000.0    -34.92
2294    8800000000.0    -34.93
2295    8850000000.0    -34.95
2296    8900000000.0    -34.96
2297    8950000000.0    -34.95
2298    9000000000.0    -34.94
2299    9050000000.0    -34.94
2300    9100000000.0    -34.95
2301    9150000000.0    -34.93
2302    9200000000.0    -34.94
2303    9250000000.0    -34.94
2304    9300000000.0    -34.92
2305    9350000000.0    -34.94
2306    9400000000.0    -34.94
2307    9450000000.0    -34.92
2308    9500000000.0    -34.88
2309    9500000000.1    -34.89
2310    9550000000.0    -34.91
2311    9600000000.0    -34.92
2312    9650000000.0    -34.94
2313    9700000000.0    -34.93
2314    9750000000.0    -34.92
2315    9800000000.0    -34.89
2316    9850000000.0    -34.90
2317    9900000000.0    -34.90
2318    9950000000.0    -34.93
2319    10000000000.0    -34.96
2320    10050000000.0    -34.89
2321    10100000000.0    -34.91
2322    10150000000.0    -34.87
2323    10200000000.0    -34.87
2324    10250000000.0    -34.87
2325    10300000000.0    -34.87
2326    10350000000.0    -34.86
2327    10400000000.0    -34.83
2328    10450000000.0    -34.87
2329    10500000000.0    -34.90
2330    10550000000.0    -34.85
2331    10600000000.0    -34.84
2332    10650000000.0    -34.84
2333    10700000000.0    -34.88
2334    10750000000.0    -34.85
2335    10800000000.0    -34.85
2336    10850000000.0    -34.86
2337    10900000000.0    -34.87
2338    10950000000.0    -34.85
2339    11000000000.0    -34.82
2340    11050000000.0    -34.84
2341    11100000000.0    -34.83
2342    11150000000.0    -34.90
2343    11200000000.0    -34.93
2344    11250000000.0    -34.90
2345    11300000000.0    -34.84
2346    11350000000.0    -34.86
2347    11400000000.0    -34.88
2348    11450000000.0    -34.90
2349    11500000000.0    -34.86
